chr1	40038661	40298142	15489	259482	13631	4643.240000	14171	425.850000	40040360	1.000000
chr1	40373245	40429056	4544	55812	4253	1953.530000	3667	93.200000	40373796	1.000000
chr1	40449582	40478020	1465	28439	1358	446.490000	1263	95.550000	40450192	1.000000
chr1	40495158	40499861	134	4704	127	22.420000	101	16.600000	40495850.5	1.000000
chr1	40508213	40509031	94	819	89	73.960000	24	28.250000	40508550	1.000000
chr1	40529399	40532057	455	2659	364	287.820000	256	117.750000	40531735	1.000000
chr1	40545593	40549477	132	3885	128	23.760000	123	12.350000	40547408	1.000000
chr1	40683255	40774174	5607	90920	4830	1751.790000	5204	304.750000	40691977	1.000000
chr1	40802003	40803021	108	1019	100	63.100000	65	28.400000	40802748.5	1.000000
chr1	40862138	40864393	196	2256	185	41.330000	242	27.850000	40862285.5	1.000000
chr1	40978267	41046115	5760	67849	5366	3272.240000	3241	138.700000	40979789	1.000000
chr1	41055207	41057930	92	2724	88	21.010000	79	7.800000	41055741.5	1.000000
chr1	41104934	41107130	87	2197	86	32.050000	61	16.350000	41106815.5	1.000000
chr1	41143680	41150273	310	6594	301	46.650000	355	11.600000	41144317	1.000000
chr1	41165388	41167433	96	2046	94	38.620000	68	11.800000	41165739.5	1.000000
chr1	41190352	41192883	93	2532	91	23.670000	81	11.700000	41187171.5	1.000000
chr1	41216901	41219202	104	2302	102	26.600000	99	10.900000	41217952	1.000000
chr1	41237523	41243353	513	5831	465	250.120000	369	59.250000	41241959	1.000000
chr1	41878378	41879208	99	831	88	81.190000	20	34.350000	41878917	1.000000
chr1	42035955	42036459	80	505	64	59.400000	31	48.200000	42036217	1.000000
chr1	42172282	42204331	1354	32050	1312	305.430000	1272	38.800000	42175624	1.000000
chr1	42209268	42213751	158	4484	155	34.860000	136	9.900000	42211372	1.000000
chr1	42234394	42239286	179	4893	176	56.670000	126	12.900000	42248969	1.000000
chr1	42248793	42252188	111	3396	106	16.290000	105	12.900000	42248969	1.000000
chr1	42286309	42288528	104	2220	99	32.400000	89	12.800000	42287148	1.000000
chr1	42293968	42314607	869	20640	842	178.620000	854	14.450000	42301909.5	1.000000
chr1	42334210	42337348	550	3139	403	429.590000	164	217.500000	42335457	1.000000
chr1	42456277	42461937	432	5661	389	258.370000	208	99.600000	42456598.5	1.000000
chr1	42657246	42959420	18895	302175	16785	6409.740000	16148	255.250000	42682120	1.000000
chr1	42963963	42965155	85	1193	77	41.020000	61	19.250000	42964238	1.000000
chr1	43119961	43120727	130	767	116	101.280000	41	41.500000	43120452	1.000000
chr1	43161202	43172418	826	11217	757	423.210000	518	87.200000	43172222	1.000000
chr1	43329995	43330806	183	812	153	133.480000	78	53.650000	43330307	1.000000
chr1	43357317	43456001	6849	98685	6045	3249.200000	4581	289.250000	43389709.5	1.000000
chr1	43649381	43722726	4947	73346	4282	2388.010000	3232	335.800000	43650565	1.000000
chr1	43918237	44035691	6620	117455	6138	2199.160000	5621	106.850000	43947044	1.000000
chr1	44047812	44048900	145	1089	133	72.270000	115	35.300000	44048351.5	1.000000
chr1	44212941	44225549	1091	12609	1024	622.670000	617	51.600000	44213595	1.000000
chr1	44251909	44255766	138	3858	137	37.100000	111	11.250000	44255466	1.000000
chr1	44303481	44305347	71	1867	68	30.880000	40	8.450000	44304394.5	1.000000
chr1	44329589	44334115	202	4527	196	80.970000	137	14.000000	44330666	1.000000
chr1	44347747	44349597	83	1851	82	39.580000	47	10.450000	44349048	1.000000
chr1	44630734	44652834	1993	22101	1782	1146.120000	1130	166.950000	44632281.5	1.000000
chr1	44673848	44674608	178	761	137	113.560000	106	90.400000	44674410	1.000000
chr1	44720045	46372923	102027	1652879	80339	35375.300000	83781	4872.900000	44721764	1.000000
chr1	46441986	46443750	198	1765	186	64.430000	213	22.950000	46443006	1.000000
chr1	46558937	46560881	92	1945	91	40.680000	60	14.900000	46560255	1.000000
chr1	46601456	46605456	580	4001	428	358.400000	331	190.250000	46604173	1.000000
chr1	46616518	46617105	65	588	56	44.670000	29	30.850000	46616728	1.000000
chr1	46671314	46719335	2272	48022	2165	377.230000	2477	95.900000	46719035.5	1.000000
chr1	47206453	47390513	15012	184061	13487	7144.410000	10741	313.700000	47314035	1.000000
chr1	47436535	47438357	288	1823	255	191.520000	145	82.600000	47437590.5	1.000000
chr1	48472150	48472724	80	575	69	66.400000	17	47.500000	48472482	1.000000
chr1	49257261	49258007	67	747	65	43.430000	32	21.600000	49257453	1.000000
chr1	50430353	50979456	26168	549104	24974	6039.490000	25611	174.750000	50960451	1.000000
chr1	51235245	51237332	283	2088	260	160.580000	186	59.450000	51236227	1.000000
chr1	51273321	51280813	380	7493	373	110.240000	353	14.350000	51278150	1.000000
chr1	51331301	51332595	230	1295	176	142.650000	138	97.950000	51331527.5	1.000000
chr1	51345478	51376116	1409	30639	1372	243.530000	1518	25.250000	51353436.5	1.000000
chr1	51393114	51397657	204	4544	196	47.060000	202	11.800000	51395432	1.000000
chr1	51407593	51409209	77	1617	75	33.490000	51	15.050000	51408641	1.000000
chr1	51426410	51430124	226	3715	215	62.010000	232	27.600000	51429985.5	1.000000
chr1	51448891	51453611	261	4721	255	115.690000	179	17.800000	51449767.5	1.000000
chr1	51474826	51484368	381	9543	372	62.810000	390	16.250000	51474950	1.000000
chr1	51489957	51533098	3146	43142	2832	1013.670000	3055	153.650000	51518308	1.000000
chr1	51616587	51618100	447	1514	320	345.910000	159	196.900000	51617173	1.000000
chr1	51621674	51623358	163	1685	149	39.850000	196	24.350000	51622505.5	1.000000
chr1	51727456	52425658	35037	698203	31988	7021.050000	35471	277.900000	52404653	1.000000
chr1	52434689	52438926	177	4238	171	33.030000	180	13.700000	52435885.5	1.000000
chr1	52473900	52476432	138	2533	135	55.280000	106	13.800000	52475858	1.000000
chr1	52498014	52505519	298	7506	293	57.080000	296	11.700000	52505246.5	1.000000
chr1	52519237	52522002	170	2766	166	71.130000	132	21.000000	52520876	1.000000
chr1	52552382	52554086	425	1705	344	345.650000	116	122.750000	52553010	1.000000
chr1	52682651	52698767	1950	16117	1716	1346.060000	797	146.800000	52698266.5	1.000000
chr1	52702941	52703458	95	518	82	47.870000	79	32.750000	52703240.5	1.000000
chr1	52842200	52906325	3697	64126	3510	1316.870000	3060	101.200000	52842930	1.000000
chr1	52926859	52927837	126	979	108	76.450000	75	50.850000	52927393	1.000000
chr1	53014775	53015231	113	457	92	77.480000	59	56.800000	53015012	1.000000
chr1	53033746	53035237	66	1492	64	32.780000	36	11.450000	53034565.5	1.000000
chr1	53051761	53054282	174	2522	171	80.620000	126	25.700000	53053086	1.000000
chr1	53196365	53327899	9855	131535	8530	5251.670000	5793	397.050000	53220466	1.000000
chr1	53761928	53838704	4078	76777	3881	1203.750000	3726	126.400000	53945539	1.000000
chr1	53850078	53851718	72	1641	69	29.040000	47	14.700000	53850586.5	1.000000
chr1	53917354	53947887	1571	30534	1475	314.380000	1674	126.400000	53945539	1.000000
chr1	53957800	53959582	84	1783	78	36.070000	56	16.000000	53958246	1.000000
chr1	53963301	53965885	111	2585	106	33.510000	90	12.600000	53963490.5	1.000000
chr1	54029542	54033388	195	3847	191	71.780000	153	16.700000	54030087	1.000000
chr1	54052089	54054725	691	2637	543	459.330000	376	117.800000	54053162	1.000000
chr1	54168250	54172211	147	3962	140	32.200000	133	12.450000	54169242.5	1.000000
chr1	54184410	54186888	108	2479	106	36.930000	84	13.250000	54185674.5	1.000000
chr1	54199623	54397671	9403	198049	9019	2455.790000	8677	152.900000	54200247	1.000000
chr1	54406515	54408567	264	2053	236	153.850000	165	56.050000	54406664.5	1.000000
chr1	54411395	54412313	94	919	87	41.210000	82	25.650000	54412043.5	1.000000
chr1	54487993	54489516	154	1524	142	86.860000	96	35.500000	54488552	1.000000
chr1	54715596	54764683	2546	49088	2252	760.060000	2233	218.350000	54715964	1.000000
chr1	54838528	54888139	3442	49612	3230	2051.050000	1573	100.300000	54887028	1.000000
chr1	55039088	55217023	8058	177936	7716	2001.210000	7406	111.100000	55215491.5	1.000000
chr1	56331319	56332396	65	1078	62	42.450000	24	23.050000	56332221.5	1.000000
chr1	56516513	56517640	120	1128	113	68.420000	76	34.250000	56516979.5	1.000000
chr1	58477476	58480521	103	3046	101	20.960000	90	10.900000	58477963	1.000000
chr1	58545950	58547226	288	1277	226	215.480000	111	137.150000	58546653	1.000000
chr1	58653337	58700338	2390	47002	2155	917.990000	1725	269.200000	58700006	1.000000
chr1	58777684	58785567	2455	7884	1790	2049.240000	596	422.100000	58784002.5	1.000000
chr1	58815015	58817037	297	2023	249	171.510000	193	91.550000	58816609.5	1.000000
chr1	58883096	58884318	173	1223	159	79.770000	150	29.850000	58883764.5	1.000000
chr1	58898660	58900452	162	1793	150	46.860000	179	20.450000	58898996	1.000000
chr1	58902865	58904322	137	1458	128	98.070000	47	28.150000	58903535	1.000000
chr1	59296261	59298247	532	1987	386	426.730000	158	191.300000	59297133	1.000000
chr1	59653197	59653968	84	772	81	56.880000	38	35.850000	59653704	1.000000
chr1	47344025	47348574	350	4550	340	101.810000	163	15.750000	47344831	1.000000
chr1	47381424	47388805	1083	7382	992	457.860000	442	42.500000	47387295.5	1.000000
chr1	47437253	47438179	204	927	179	113.410000	66	59.250000	47437623.5	1.000000
chr1	48472162	48472697	79	536	69	53.570000	17	34.250000	48472454	1.000000
chr1	50432159	50439720	649	7562	618	266.470000	246	20.500000	50434993	1.000000
chr1	50442501	50444880	112	2380	110	19.380000	56	6.500000	50443160	1.000000
chr1	50460407	50462013	100	1607	95	31.850000	42	14.500000	50461773.5	1.000000
chr1	50485034	50487138	98	2105	95	20.520000	46	9.750000	50486602.5	1.000000
chr1	50523648	50524523	80	876	75	49.920000	18	16.750000	50524419	1.000000
chr1	50559551	50561255	102	1705	97	29.880000	45	12.000000	50559754.5	1.000000
chr1	50572001	50573543	97	1543	93	33.770000	39	13.250000	50573328.5	1.000000
chr1	50587659	50590401	195	2743	185	57.500000	89	11.750000	50590198	1.000000
chr1	50598168	50599779	98	1612	94	38.030000	36	11.500000	50598700	1.000000
chr1	50606517	50607634	92	1118	88	52.000000	24	15.500000	50607089	1.000000
chr1	50615108	50616583	96	1476	93	28.250000	43	15.000000	50615366.5	1.000000
chr1	50641796	50643242	85	1447	81	33.740000	30	10.000000	50642134.5	1.000000
chr1	50707187	50708172	61	986	61	28.570000	19	8.500000	50707630	1.000000
chr1	50724889	50726447	101	1559	98	27.840000	47	9.000000	50725994	1.000000
chr1	50751383	50758727	509	7345	496	76.640000	288	14.500000	50755031.5	1.000000
chr1	50770677	50772208	101	1532	98	31.860000	44	10.750000	50772041	1.000000
chr1	50778735	50781550	181	2816	176	41.970000	89	13.500000	50780861.5	1.000000
chr1	50787420	50790262	232	2843	220	70.850000	107	14.250000	50789866	1.000000
chr1	50885943	50888341	139	2399	135	46.900000	55	11.500000	50887046.5	1.000000
chr1	50904121	50908090	309	3970	297	64.230000	164	18.750000	50905200.5	1.000000
chr1	50926244	50928158	151	1915	143	50.530000	66	15.750000	50926980.5	1.000000
chr1	50938039	50939283	104	1245	98	38.980000	43	12.500000	50937486.5	1.000000
chr1	50949388	50979278	4096	29891	3447	861.770000	2338	120.000000	50960420.5	1.000000
chr1	51236065	51237061	177	997	152	81.410000	69	36.750000	51236289	1.000000
chr1	51331322	51331715	156	394	115	88.240000	52	61.750000	51331521	1.000000
chr1	51351185	51353996	229	2812	216	49.560000	122	18.250000	51353421	1.000000
chr1	51449555	51451655	128	2101	122	37.530000	56	15.750000	51449777.5	1.000000
chr1	51497408	51499388	173	1981	162	46.600000	86	14.500000	51499000.5	1.000000
chr1	51517871	51519324	658	1454	462	416.700000	182	107.750000	51518289	1.000000
chr1	51520105	51520493	89	389	76	32.540000	43	26.000000	51520388.5	1.000000
chr1	51530491	51532589	203	2099	196	61.940000	97	15.500000	51532488.5	1.000000
chr1	51616900	51617566	340	667	225	264.510000	56	127.250000	51617197.5	1.000000
chr1	51728983	51730548	618	1566	454	421.020000	146	127.250000	51729471	1.000000
chr1	51741314	51742396	95	1083	92	34.100000	41	11.000000	51741420.5	1.000000
chr1	51775152	51776962	154	1811	150	49.570000	70	12.250000	51775434	1.000000
chr1	51778602	51802820	4401	24219	3893	2722.260000	1150	180.250000	51878631.5	1.000000
chr1	51877889	51879679	1067	1791	697	680.270000	296	180.250000	51878631.5	1.000000
chr1	52019170	52020601	104	1432	101	34.610000	45	12.750000	52019623.5	1.000000
chr1	52030810	52031457	53	648	52	35.200000	10	19.500000	52031339	1.000000
chr1	52032674	52033941	585	1268	411	421.000000	122	142.000000	52033705	1.000000
chr1	52054572	52057041	1056	2470	806	651.230000	305	105.500000	52056411	1.000000
chr1	52088449	52095892	801	7444	753	364.770000	290	30.000000	52092738.5	1.000000
chr1	52141747	52142144	64	398	57	46.200000	12	32.750000	52141880.5	1.000000
chr1	52329691	52330606	442	916	312	311.520000	98	127.750000	52330314.5	1.000000
chr1	52346957	52423097	8535	76141	7616	2807.130000	3967	198.000000	52404646	1.000000
chr1	52423999	52425347	142	1349	133	32.180000	78	15.750000	52424251.5	1.000000
chr1	52552617	52553928	396	1312	317	275.310000	87	94.000000	52553029	1.000000
chr1	52683109	52698661	1908	15553	1678	797.210000	761	101.500000	52698289	1.000000
chr1	52726360	52726838	109	479	87	91.640000	11	56.250000	52726512.5	1.000000
chr1	52842228	52844028	487	1801	403	293.840000	141	67.500000	52842905	1.000000
chr1	52857650	52858984	81	1335	81	37.580000	25	12.500000	52858758.5	1.000000
chr1	52873117	52876653	313	3537	297	104.400000	139	17.750000	52876458	1.000000
chr1	52897038	52905106	837	8069	786	271.710000	388	27.750000	52903441	1.000000
chr1	52927039	52927577	85	539	69	48.290000	26	29.750000	52927396	1.000000
chr1	53014857	53015228	98	372	81	46.710000	39	28.500000	53015011.5	1.000000
chr1	53052789	53054282	114	1494	110	40.190000	48	14.750000	53053094.5	1.000000
chr1	53196437	53198478	546	2042	444	283.010000	195	108.250000	53196850.5	1.000000
chr1	53209460	53215547	462	6088	440	108.200000	235	13.000000	53212036	1.000000
chr1	53220053	53327853	8299	107801	7162	1346.240000	4648	270.250000	53220479	1.000000
chr1	53762716	53764952	178	2237	172	57.520000	79	17.750000	53764702	1.000000
chr1	53779624	53780494	65	871	64	34.840000	18	16.250000	53780068.5	1.000000
chr1	53789300	53792088	229	2789	216	48.500000	123	15.750000	53789962.5	1.000000
chr1	53794514	53796048	95	1535	94	27.020000	43	11.750000	53795140.5	1.000000
chr1	53797259	53800804	267	3546	258	62.720000	136	19.750000	53798818	1.000000
chr1	53801374	53802255	58	882	56	29.110000	17	14.500000	53801725	1.000000
chr1	53828086	53829225	101	1140	97	50.780000	32	19.000000	53828718	1.000000
chr1	53837782	53838656	400	875	298	248.680000	115	79.500000	53838317.5	1.000000
chr1	53889469	53889872	105	404	84	73.390000	23	47.000000	53889761	1.000000
chr1	53945200	53947052	339	1853	283	208.570000	89	88.000000	53945542.5	1.000000
chr1	54029574	54031260	120	1687	118	26.810000	62	9.750000	54030090.5	1.000000
chr1	54052390	54053900	547	1511	421	240.570000	234	77.750000	54053167	1.000000
chr1	54199742	54200622	403	881	294	264.120000	105	108.750000	54200230	1.000000
chr1	54207470	54211152	241	3683	237	75.130000	104	12.500000	54209551	1.000000
chr1	54217250	54228544	1421	11295	1329	649.200000	528	50.750000	54221643	1.000000
chr1	54237144	54238912	100	1769	95	39.530000	35	11.750000	54238797	1.000000
chr1	54243184	54246233	199	3050	195	43.430000	101	11.750000	54244804	1.000000
chr1	54251371	54253805	110	2435	108	18.970000	54	7.750000	54251466	1.000000
chr1	54269947	54270934	50	988	48	27.550000	11	11.000000	54270631	1.000000
chr1	54278181	54279390	67	1210	64	28.580000	22	10.250000	54278589	1.000000
chr1	54335353	54336441	47	1089	46	28.380000	7	9.000000	54336323.5	1.000000
chr1	54349494	54350658	72	1165	72	24.030000	30	10.250000	54349817	1.000000
chr1	54406515	54407636	156	1122	141	75.910000	56	35.000000	54406641.5	1.000000
chr1	54488396	54489473	116	1078	106	33.450000	58	20.750000	54488585.5	1.000000
chr1	54715634	54716202	339	569	208	254.490000	64	148.250000	54715955	1.000000
chr1	54742104	54744842	255	2739	238	120.040000	87	21.000000	54743696.5	1.000000
chr1	54764046	54764649	314	604	204	239.140000	56	115.000000	54764433.5	1.000000
chr1	54839253	54875636	2785	36384	2641	1154.920000	1007	68.750000	54887057	1.000000
chr1	54886554	54887654	284	1101	230	186.670000	70	68.750000	54887057	1.000000
chr1	55039185	55039831	150	647	130	93.460000	41	51.500000	55039633	1.000000
chr1	55049031	55071221	2163	22191	2018	1149.400000	631	40.750000	55066147.5	1.000000
chr1	55213716	55216095	504	2380	423	320.040000	129	76.250000	55215556.5	1.000000
chr1	56516785	56517216	65	432	57	36.860000	20	26.000000	56517015	1.000000
chr1	58546231	58546864	212	634	157	164.340000	34	98.500000	58546639	1.000000
chr1	58653791	58654709	71	919	68	26.740000	29	14.750000	58654563.5	1.000000
chr1	58655847	58656789	92	943	86	60.000000	19	22.500000	58656322.5	1.000000
chr1	58658616	58660149	75	1534	72	20.740000	32	8.750000	58659677.5	1.000000
chr1	58661495	58662638	55	1144	54	27.160000	14	12.000000	58661662.5	1.000000
chr1	58678375	58682299	229	3925	221	52.720000	110	14.250000	58680599.5	1.000000
chr1	58691426	58692397	51	972	51	28.590000	11	10.500000	58692074.5	1.000000
chr1	58695858	58700255	661	4398	475	361.420000	204	185.500000	58700017	1.000000
chr1	58779181	58785232	2348	6052	1687	1667.410000	497	327.000000	58784007	1.000000
chr1	58816372	58817037	183	666	151	101.270000	61	63.500000	58816581	1.000000
chr1	58903029	58904147	117	1119	105	66.990000	32	19.250000	58903492.5	1.000000
chr1	59296269	59297914	509	1646	378	323.720000	136	145.500000	59297140.5	1.000000
chr1	59653255	59653871	72	617	68	33.150000	27	18.750000	59653705.5	1.000000
chr1	53238194	53244606	959	6413	833	291.240000	378	92.600000	53238447	1.000000
chr1	53248848	53249704	55	857	54	25.370000	14	13.800000	53249112.5	1.000000
chr1	53266048	53270265	316	4218	301	61.960000	133	15.800000	53268049	1.000000
chr1	53271086	53272693	104	1608	100	20.330000	43	13.000000	53272444	1.000000
chr1	53274168	53275028	64	861	63	37.530000	12	15.800000	53274681	1.000000
chr1	53289353	53290402	58	1050	56	23.240000	16	10.800000	53291412	1.000000
chr1	53308135	53314864	370	6730	355	34.790000	167	11.800000	53310143.5	1.000000
chr1	53319117	53321169	175	2053	169	75.810000	50	19.600000	53320758.5	1.000000
chr1	53323292	53323965	49	674	48	26.000000	11	15.400000	53323437	1.000000
chr1	53325744	53327853	1197	2110	805	796.440000	238	248.600000	53326517	1.000000
chr1	53762705	53763538	48	834	46	26.600000	9	14.000000	53762897	1.000000
chr1	53764149	53764907	79	759	77	34.350000	24	20.000000	53764279	1.000000
chr1	53779608	53780242	51	635	47	29.780000	10	16.600000	53780073	1.000000
chr1	53789845	53790879	100	1035	93	23.790000	42	13.400000	53789967.5	1.000000
chr1	53798569	53799197	58	629	58	41.850000	7	20.800000	53798834	1.000000
chr1	53801374	53802049	48	676	47	23.380000	12	14.600000	53801677	1.000000
chr1	53828434	53829242	85	809	81	43.050000	22	18.600000	53828706	1.000000
chr1	53837788	53838656	397	869	296	210.450000	112	77.200000	53838316.5	1.000000
chr1	53889457	53889888	109	432	91	66.020000	25	52.400000	53889735.5	1.000000
chr1	53926556	53927175	39	620	35	26.140000	5	13.200000	53927026.5	1.000000
chr1	53945206	53947072	338	1867	279	177.760000	88	101.400000	53945520	1.000000
chr1	54052970	54053900	451	931	329	175.830000	167	82.200000	54053165	1.000000
chr1	54199762	54200622	400	861	286	234.330000	99	118.200000	54200227.5	1.000000
chr1	54207462	54211202	242	3741	240	39.290000	104	13.200000	54209542.5	1.000000
chr1	54217807	54227592	1321	9786	1222	482.020000	464	59.400000	54221658	1.000000
chr1	54237128	54238912	100	1785	94	27.330000	35	13.400000	54238788	1.000000
chr1	54244630	54245721	69	1092	66	19.370000	25	11.400000	54244810	1.000000
chr1	54270143	54270838	36	696	35	25.580000	3	12.000000	54270639.5	1.000000
chr1	54278223	54279390	64	1168	63	23.260000	19	11.400000	54278494	1.000000
chr1	54335337	54336447	47	1111	46	25.710000	7	10.000000	54336313	1.000000
chr1	54406515	54407661	157	1147	140	55.460000	57	39.600000	54406656.5	1.000000
chr1	54488392	54488713	45	322	39	27.120000	10	23.800000	54488556	1.000000
chr1	54715667	54716145	320	479	184	234.950000	51	168.800000	54715970	1.000000
chr1	54742088	54744504	239	2417	228	89.740000	79	22.600000	54743696	1.000000
chr1	54764044	54764649	314	606	202	222.880000	54	129.600000	54764435	1.000000
chr1	54839253	54873264	2664	34012	2514	809.560000	942	75.200000	54887059	1.000000
chr1	54886627	54887660	279	1034	216	164.400000	66	75.200000	54887059	1.000000
chr1	55039169	55039783	140	615	119	80.790000	34	51.800000	55039649	1.000000
chr1	55049922	55071265	2110	21344	1975	934.600000	599	43.000000	55066135	1.000000
chr1	55214399	55216015	412	1617	339	280.010000	73	82.000000	55215477	1.000000
chr1	56516788	56517232	65	445	61	31.490000	19	25.400000	56516997	1.000000
chr1	58546293	58546865	199	573	137	154.570000	25	114.400000	58546640	1.000000
chr1	58655831	58656632	81	802	73	55.120000	12	22.800000	58656333	1.000000
chr1	58661528	58662469	41	942	39	23.200000	6	13.000000	58661659.5	1.000000
chr1	58680473	58682025	92	1553	87	34.480000	27	15.800000	58680606.5	1.000000
chr1	58691508	58692356	47	849	46	25.400000	9	11.000000	58692018.5	1.000000
chr1	58696718	58697487	62	770	59	33.240000	14	19.800000	58697206	1.000000
chr1	58699641	58700253	425	613	247	340.210000	50	221.200000	58700001	1.000000
chr1	58779173	58785248	2364	6076	1712	1504.580000	500	360.200000	58784004	1.000000
chr1	58816447	58817037	164	591	127	85.830000	46	67.000000	58816592.5	1.000000
chr1	58903301	58904155	98	855	89	60.390000	19	19.400000	58903518.5	1.000000
chr1	59296802	59297935	423	1134	290	281.800000	82	159.400000	59297130.5	1.000000
chr1	59653334	59653864	65	531	60	24.080000	23	18.200000	59653746.5	1.000000
chr1	50902983	50903391	28	409	24	17.480000	9	17.100000	50903096	1.000000
chr1	50903987	50912117	514	8131	494	148.370000	314	23.200000	50905182	1.000000
chr1	50923669	50928207	297	4539	289	91.630000	179	22.200000	50926998.5	1.000000
chr1	50931448	50933421	118	1974	112	31.720000	75	15.200000	50932943	1.000000
chr1	50934259	50934754	24	496	24	14.410000	7	13.300000	50934591.5	1.000000
chr1	50935367	50935851	21	485	18	14.170000	4	10.200000	50935548.5	1.000000
chr1	50936906	50939345	173	2440	169	57.830000	101	16.400000	50938885.5	1.000000
chr1	50942532	50943439	55	908	51	25.090000	25	13.100000	50942741.5	1.000000
chr1	50947999	50979456	4188	31458	3526	1683.750000	2412	182.700000	50960461	1.000000
chr1	50986856	50987659	36	804	35	22.370000	8	17.200000	50987118	1.000000
chr1	51235960	51237323	225	1364	193	118.690000	104	57.500000	51236245.5	1.000000
chr1	51243733	51244811	54	1079	53	15.180000	33	11.600000	51243897.5	1.000000
chr1	51245719	51246409	31	691	31	16.760000	10	10.200000	51246164	1.000000
chr1	51274287	51278497	222	4211	214	26.920000	170	13.600000	51278168	1.000000
chr1	51331304	51331765	164	462	114	114.250000	52	96.700000	51331521.5	1.000000
chr1	51345593	51346373	43	781	42	17.060000	22	13.300000	51346066.5	1.000000
chr1	51347839	51354044	454	6206	430	111.960000	312	27.500000	51353453.5	1.000000
chr1	51368291	51369006	38	716	37	16.230000	18	12.500000	51368855	1.000000
chr1	51369669	51374256	256	4588	246	41.030000	188	16.200000	51375222	1.000000
chr1	51375044	51375439	20	396	19	15.910000	2	16.200000	51375222	1.000000
chr1	51407861	51409219	64	1359	62	17.080000	38	12.100000	51408640.5	1.000000
chr1	51428409	51429062	34	654	34	21.930000	8	12.300000	51427230	1.000000
chr1	51429823	51430090	36	268	28	18.790000	18	19.800000	51429924.5	1.000000
chr1	51449507	51452262	162	2756	156	62.160000	82	18.500000	51449669.5	1.000000
chr1	51452634	51453530	39	897	39	14.520000	19	10.500000	51453365.5	1.000000
chr1	51474826	51475224	25	399	23	15.480000	8	14.700000	51474992.5	1.000000
chr1	51476263	51476865	26	603	25	15.340000	7	9.300000	51476497.5	1.000000
chr1	51477055	51478297	60	1243	58	19.030000	33	14.200000	51477203	1.000000
chr1	51491667	51494073	164	2407	155	33.590000	119	16.200000	51491897	1.000000
chr1	51497311	51501102	310	3792	290	95.770000	197	18.400000	51498951	1.000000
chr1	51503077	51503649	30	573	30	17.840000	9	12.000000	51503408	1.000000
chr1	51507274	51507751	26	478	26	13.890000	10	10.400000	51507576	1.000000
chr1	51517846	51519371	665	1526	444	483.440000	186	158.400000	51518349.5	1.000000
chr1	51520058	51520542	98	485	87	51.620000	48	43.400000	51520375.5	1.000000
chr1	51526476	51533016	464	6541	448	121.840000	308	23.200000	51532403	1.000000
chr1	51546247	51547122	40	876	39	19.410000	15	10.300000	51546975	1.000000
chr1	51552600	51553194	25	595	24	15.270000	6	9.400000	51552852	1.000000
chr1	51563735	51564306	21	572	21	14.880000	2	11.000000	51563891.5	1.000000
chr1	51564787	51565206	29	420	28	16.570000	11	13.900000	51565016	1.000000
chr1	51580949	51581466	25	518	23	16.990000	5	11.100000	51581294.5	1.000000
chr1	51616690	51617997	422	1308	288	298.090000	125	209.600000	51617193	1.000000
chr1	51687258	51687852	31	595	30	13.220000	15	10.400000	51687418	1.000000
chr1	51709666	51710242	24	577	22	14.490000	6	13.000000	51709897	1.000000
chr1	51722818	51723627	38	810	37	11.770000	22	9.400000	51723041	1.000000
chr1	51728906	51730773	654	1868	481	480.390000	174	190.400000	51729433	1.000000
chr1	51732128	51732769	50	642	46	14.650000	34	12.100000	51732606	1.000000
chr1	51733198	51733965	55	768	51	17.480000	35	9.400000	51733633	1.000000
chr1	51738300	51738782	39	483	36	21.440000	16	15.600000	51738533	1.000000
chr1	51741261	51744036	220	2776	211	75.990000	131	16.400000	51741499.5	1.000000
chr1	51744893	51745296	30	404	29	17.730000	11	18.200000	51745060	1.000000
chr1	51747264	51748238	56	975	53	23.610000	27	11.300000	51748072.5	1.000000
chr1	51759701	51760629	65	929	63	27.510000	33	15.600000	51760372.5	1.000000
chr1	51760832	51761379	35	548	33	14.090000	19	11.700000	51761233.5	1.000000
chr1	51763002	51763665	50	664	48	34.230000	12	17.500000	51763260.5	1.000000
chr1	51766020	51768601	143	2582	135	40.920000	86	17.100000	51768074	1.000000
chr1	51771669	51772843	69	1175	67	18.220000	45	12.500000	51772268.5	1.000000
chr1	51775170	51880058	9828	104889	8781	3334.020000	5976	283.000000	51878640	1.000000
chr1	52019121	52020692	107	1572	104	50.250000	47	18.100000	52019623.5	1.000000
chr1	52029378	52029777	30	400	29	15.970000	13	13.800000	52029532.5	1.000000
chr1	52030760	52095979	5248	65220	4664	1347.980000	3554	220.700000	52033705.5	1.000000
chr1	52141580	52142726	119	1147	109	61.100000	52	44.400000	52141838	1.000000
chr1	52185653	52186502	33	850	33	16.270000	11	9.100000	52186108	1.000000
chr1	52243047	52244480	66	1434	65	17.090000	40	12.200000	52244314	1.000000
chr1	52313691	52314430	30	740	29	12.570000	13	9.200000	52314283	1.000000
chr1	52329691	52330673	449	983	324	349.040000	102	177.100000	52330314	1.000000
chr1	52342847	52345437	103	2591	99	17.320000	66	13.700000	52344791	1.000000
chr1	52345850	52425395	8781	79546	7787	4235.510000	4152	292.300000	52404668	1.000000
chr1	52437552	52438926	63	1375	61	16.280000	38	10.700000	52437942.5	1.000000
chr1	52443009	52443657	30	649	30	16.180000	10	9.400000	52443167	1.000000
chr1	52454355	52455299	50	945	50	17.570000	27	15.300000	52455139	1.000000
chr1	52474648	52476089	85	1442	83	25.170000	52	14.500000	52475870.5	1.000000
chr1	52500537	52501262	29	726	29	13.510000	11	9.100000	52500790.5	1.000000
chr1	52520692	52521490	60	799	57	35.680000	20	23.100000	52520895.5	1.000000
chr1	52527619	52528331	29	713	27	12.640000	12	10.200000	52528009	1.000000
chr1	52552617	52553987	397	1371	309	309.360000	84	124.700000	52553009.5	1.000000
chr1	52683077	52698713	1926	15637	1705	1072.340000	770	155.400000	52698247	1.000000
chr1	52703077	52703420	60	344	48	25.830000	36	27.400000	52703254.5	1.000000
chr1	52726360	52727318	169	959	138	107.080000	60	88.500000	52726535.5	1.000000
chr1	52737178	52737809	23	632	23	14.560000	4	12.100000	52737314	1.000000
chr1	52745455	52745847	29	393	27	17.740000	10	14.000000	52745620	1.000000
chr1	52773655	52775076	60	1422	58	13.450000	37	11.400000	52774926	1.000000
chr1	52805051	52806018	44	968	42	14.990000	23	11.100000	52805218	1.000000
chr1	52823708	52824806	42	1099	41	15.160000	19	12.100000	52824659.5	1.000000
chr1	52827983	52828545	30	563	30	16.090000	11	14.200000	52828379	1.000000
chr1	52842207	52844254	523	2048	430	352.090000	169	100.900000	52842924.5	1.000000
chr1	52857550	52865075	408	7526	402	59.800000	301	17.100000	52864360.5	1.000000
chr1	52869998	52877459	468	7462	452	161.100000	256	22.300000	52876476.5	1.000000
chr1	52881091	52882015	58	925	56	26.120000	27	13.600000	52881562.5	1.000000
chr1	52884304	52885474	48	1171	48	17.850000	22	10.400000	52884971.5	1.000000
chr1	52885914	52886865	28	952	28	13.590000	7	7.100000	52886084	1.000000
chr1	52891103	52892629	70	1527	68	16.130000	44	9.500000	52892462	1.000000
chr1	52896659	52905765	948	9107	899	422.710000	484	37.200000	52903487	1.000000
chr1	52908057	52908768	27	712	26	13.450000	9	8.400000	52908222	1.000000
chr1	52926829	52927580	100	752	84	59.770000	38	51.400000	52927411	1.000000
chr1	52975802	52976621	28	820	27	16.600000	5	10.000000	52976264.5	1.000000
chr1	53014846	53015228	92	383	72	61.940000	31	55.500000	53015022	1.000000
chr1	53033843	53034964	51	1122	49	22.530000	21	12.100000	53034564.5	1.000000
chr1	53052789	53054260	111	1472	106	58.350000	44	23.700000	53053091.5	1.000000
chr1	53196385	53327853	9853	131469	8522	3220.500000	5786	437.000000	53220502	1.000000
chr1	53762705	53766168	300	3464	284	116.580000	167	25.900000	53764753	1.000000
chr1	53769907	53771110	65	1204	61	26.460000	31	13.700000	53770856.5	1.000000
chr1	53774896	53776246	72	1351	71	27.750000	35	14.200000	53775395.5	1.000000
chr1	53779476	53780840	91	1365	90	40.980000	42	25.300000	53780068.5	1.000000
chr1	53781475	53781902	27	428	25	15.390000	10	13.700000	53781715	1.000000
chr1	53782668	53786291	183	3624	178	33.220000	127	12.200000	53784438	1.000000
chr1	53787402	53787800	17	399	15	14.650000	0	14.000000	53787595	-nan
chr1	53788457	53804849	1039	16393	1006	248.110000	693	25.200000	53798834.5	1.000000
chr1	53821937	53822672	35	736	33	18.330000	12	11.400000	53822260	1.000000
chr1	53824106	53825484	51	1379	50	16.830000	24	12.600000	53826440.5	1.000000
chr1	53827422	53831154	231	3733	224	78.900000	128	25.800000	53828784	1.000000
chr1	53837739	53838704	411	966	317	294.110000	121	118.800000	53838295.5	1.000000
chr1	53850078	53851047	45	970	43	19.400000	19	13.600000	53850587.5	1.000000
chr1	53889385	53889924	117	540	98	81.770000	35	66.700000	53889724	1.000000
chr1	53903025	53903572	23	548	23	13.790000	6	10.100000	53903408	1.000000
chr1	53908334	53909262	29	929	28	13.700000	8	6.400000	53908613.5	1.000000
chr1	53919385	53921003	107	1619	106	42.840000	55	21.300000	53919704	1.000000
chr1	53926015	53927394	68	1380	63	31.430000	27	17.200000	53926962.5	1.000000
chr1	53931639	53933504	105	1866	101	23.600000	70	13.800000	53932695	1.000000
chr1	53940320	53940791	27	472	27	14.950000	10	14.300000	53940523	1.000000
chr1	53945206	53947230	349	2025	278	243.320000	94	137.300000	53945519	1.000000
chr1	53957996	53959537	73	1542	67	22.420000	40	18.000000	53958238.5	1.000000
chr1	53963301	53963870	30	570	27	13.370000	14	10.800000	53963466	1.000000
chr1	54029525	54031301	120	1777	118	48.100000	62	16.600000	54030119.5	1.000000
chr1	54032541	54033123	29	583	27	15.840000	10	12.300000	54032781	1.000000
chr1	54052390	54054719	650	2330	511	331.370000	330	112.000000	54053166	1.000000
chr1	54065543	54066416	34	874	34	16.030000	12	11.200000	54066251	1.000000
chr1	54168250	54169420	45	1171	44	24.620000	11	13.100000	54169224.5	1.000000
chr1	54184410	54185839	71	1430	69	24.280000	37	12.400000	54185683.5	1.000000
chr1	54199730	54246348	3524	46619	3249	1148.800000	2090	162.200000	54200254	1.000000
chr1	54250738	54254023	146	3286	141	42.800000	79	11.200000	54250903	1.000000
chr1	54260881	54261861	38	981	38	9.100000	23	6.500000	54261528.5	1.000000
chr1	54262361	54263283	34	923	34	16.540000	11	9.300000	54262797	1.000000
chr1	54269775	54270991	59	1217	55	33.810000	16	14.000000	54270631	1.000000
chr1	54271383	54272064	28	682	28	14.750000	9	11.100000	54271755	1.000000
chr1	54274469	54281096	336	6628	326	62.660000	231	17.200000	54275065	1.000000
chr1	54289453	54290358	40	906	39	16.410000	18	9.800000	54289619.5	1.000000
chr1	54294244	54295464	47	1221	46	15.400000	22	9.400000	54294930	1.000000
chr1	54299160	54300121	43	962	42	18.570000	18	15.600000	54299911.5	1.000000
chr1	54311949	54313144	55	1196	54	11.410000	37	9.100000	54312235.5	1.000000
chr1	54317383	54318112	35	730	35	17.670000	13	13.200000	54317887.5	1.000000
chr1	54325995	54326889	35	895	35	15.800000	13	10.100000	54326462	1.000000
chr1	54330032	54330954	43	923	41	12.040000	26	11.500000	54330257	1.000000
chr1	54331244	54332085	48	842	47	20.550000	23	11.600000	54331723.5	1.000000
chr1	54333559	54336481	137	2923	135	38.050000	78	12.000000	54336314	1.000000
chr1	54339050	54341131	110	2082	107	35.750000	60	18.300000	54344068	1.000000
chr1	54343036	54344248	71	1213	64	21.800000	43	18.300000	54344068	1.000000
chr1	54346468	54346859	20	392	18	17.750000	0	17.000000	54346673.5	-nan
chr1	54348250	54350779	145	2530	142	49.940000	79	11.800000	54350037.5	1.000000
chr1	54352606	54354542	89	1937	83	13.550000	62	11.400000	54352886.5	1.000000
chr1	54356920	54358681	98	1762	96	28.540000	59	15.200000	54358408	1.000000
chr1	54359671	54360239	35	569	33	16.580000	16	13.800000	54360000	1.000000
chr1	54365350	54366008	46	659	45	19.480000	24	17.300000	54365662	1.000000
chr1	54367802	54369178	55	1377	53	8.950000	37	7.300000	54368082	1.000000
chr1	54369505	54370191	27	687	26	12.800000	10	9.200000	54369649.5	1.000000
chr1	54372139	54372907	57	769	56	18.580000	36	13.100000	54372453.5	1.000000
chr1	54373329	54374113	35	785	35	20.660000	9	10.100000	54373620.5	1.000000
chr1	54382735	54383429	30	695	30	15.990000	9	11.500000	54383268.5	1.000000
chr1	54389710	54390535	34	826	31	13.680000	15	12.300000	54390026.5	1.000000
chr1	54390757	54394005	147	3249	142	29.420000	95	12.200000	54393124.5	1.000000
chr1	54396788	54397546	41	759	41	21.580000	15	12.100000	54397095.5	1.000000
chr1	54406515	54407761	174	1247	154	100.440000	69	54.000000	54406674.5	1.000000
chr1	54407997	54408584	60	588	55	20.690000	39	17.000000	54408209	1.000000
chr1	54409620	54409890	25	271	22	18.560000	6	19.600000	54409723	1.000000
chr1	54411635	54412208	65	574	60	22.230000	43	21.700000	54412047.5	1.000000
chr1	54488359	54489495	115	1137	101	55.350000	55	35.000000	54488552.5	1.000000
chr1	54503028	54503454	31	427	30	22.100000	7	20.400000	54503193	1.000000
chr1	54541892	54542949	50	1058	49	17.560000	26	11.400000	54542527	1.000000
chr1	54715579	54717200	433	1622	289	285.250000	148	231.400000	54715956.5	1.000000
chr1	54725074	54728304	192	3231	185	31.600000	143	9.700000	54727006	1.000000
chr1	54732931	54733703	39	773	39	15.610000	19	13.100000	54733094	1.000000
chr1	54739276	54746022	434	6747	425	165.930000	222	28.600000	54743696.5	1.000000
chr1	54762605	54763594	60	990	60	21.170000	34	14.600000	54762927.5	1.000000
chr1	54763995	54764683	328	689	205	267.880000	61	183.400000	54764427	1.000000
chr1	54839253	54875636	2785	36384	2641	1505.690000	1006	105.200000	54887012	1.000000
chr1	54886554	54887691	284	1138	226	213.090000	68	105.200000	54887012	1.000000
chr1	55039130	55039846	153	717	130	110.600000	41	72.600000	55039606.5	1.000000
chr1	55047840	55048580	30	741	30	13.400000	12	10.100000	55048060	1.000000
chr1	55048771	55071616	2191	22846	2056	1372.900000	649	55.600000	55066139	1.000000
chr1	55071768	55072505	43	738	42	17.490000	22	11.700000	55072004	1.000000
chr1	55083272	55089394	258	6123	254	49.070000	160	13.000000	55084374.5	1.000000
chr1	55096001	55097260	41	1260	41	11.040000	21	7.200000	55097154	1.000000
chr1	55099245	55100005	37	761	37	22.060000	10	10.500000	55099573	1.000000
chr1	55102348	55103627	68	1280	67	24.460000	36	14.000000	55103460.5	1.000000
chr1	55106764	55109268	121	2505	119	29.610000	75	14.400000	55107278	1.000000
chr1	55112138	55112792	33	655	32	16.140000	13	13.400000	55112409	1.000000
chr1	55121800	55126665	200	4866	194	35.490000	128	13.300000	55126502.5	1.000000
chr1	55128096	55128841	35	746	33	18.410000	12	11.800000	55128283	1.000000
chr1	55133432	55134957	61	1526	60	18.270000	32	12.000000	55134567.5	1.000000
chr1	55135483	55138406	126	2924	122	29.560000	75	16.200000	55138169	1.000000
chr1	55145151	55145671	30	521	30	20.160000	7	18.200000	55145396	1.000000
chr1	55151216	55152095	42	880	41	18.540000	18	14.700000	55151373	1.000000
chr1	55154382	55155616	58	1235	56	27.210000	22	13.200000	55155047.5	1.000000
chr1	55159149	55160578	69	1430	68	23.830000	36	13.500000	55160412	1.000000
chr1	55164451	55165064	32	614	30	14.930000	14	13.100000	55164604.5	1.000000
chr1	55169799	55170460	30	662	28	20.550000	5	12.200000	55170073.5	1.000000
chr1	55178002	55178652	33	651	32	14.660000	15	10.000000	55178485.5	1.000000
chr1	55196682	55197195	59	514	50	28.530000	30	21.100000	55196974.5	1.000000
chr1	55198193	55198619	32	427	29	16.800000	14	15.700000	55198461	1.000000
chr1	55198889	55199367	26	479	24	15.680000	8	12.500000	55199155.5	1.000000
chr1	55201007	55202725	98	1719	97	25.440000	63	15.600000	55201863	1.000000
chr1	55213716	55216108	505	2393	430	367.880000	127	120.000000	55215497	1.000000
chr1	55277024	55277507	36	484	35	16.630000	18	14.700000	55277254.5	1.000000
chr1	55344585	55345270	34	686	34	14.410000	16	10.300000	55344738	1.000000
chr1	56331319	56332396	65	1078	61	35.070000	23	22.000000	56332154	1.000000
chr1	56516785	56517265	71	481	65	48.960000	21	34.800000	56516997	1.000000
chr1	58546102	58547226	271	1125	205	182.750000	87	153.100000	58546671	1.000000
chr1	58653395	58660149	404	6755	393	116.630000	244	30.400000	58656379	1.000000
chr1	58661443	58663918	121	2476	118	35.600000	68	15.000000	58661667	1.000000
chr1	58670117	58670549	23	433	22	15.840000	5	12.400000	58670277.5	1.000000
chr1	58678255	58700283	1401	22029	1180	450.500000	788	288.900000	58700016	1.000000
chr1	58779083	58785470	2387	6388	1733	1854.090000	523	449.000000	58784002	1.000000
chr1	58816140	58817037	210	898	174	124.390000	87	93.100000	58816603	1.000000
chr1	58883402	58884283	136	882	126	38.850000	100	29.300000	58883763.5	1.000000
chr1	58902969	58904332	132	1364	122	81.250000	43	30.700000	58903536.5	1.000000
chr1	59296260	59297963	509	1704	366	372.130000	135	205.600000	59297130.5	1.000000
chr1	59532873	59533465	26	593	24	13.640000	9	12.100000	59533014.5	1.000000
chr1	59653197	59653871	75	675	70	46.520000	26	37.400000	59653706	1.000000
chr1	59967243	59967675	34	433	31	20.540000	12	18.700000	59967405	1.000000
chr1	46189450	46189830	17	381	17	9.720000	2	10.700000	46189647.5	1.000000
chr1	46194676	46194944	12	269	11	11.140000	0	12.000000	46194797	-nan
chr1	46198127	46198861	246	735	162	141.500000	37	86.900000	46198289.5	1.000000
chr1	46247027	46248271	601	1245	358	348.130000	91	290.050000	46247812	1.000000
chr1	46248863	46249296	27	434	26	8.590000	6	9.350000	46249219	1.000000
chr1	46250666	46251277	50	612	48	32.460000	5	25.700000	46251095.5	1.000000
chr1	46259959	46260422	29	464	28	18.240000	3	15.350000	46260155.5	1.000000
chr1	46261015	46261371	11	357	11	9.260000	0	11.000000	46261193	-nan
chr1	46261920	46262618	45	699	45	18.640000	8	15.350000	46262099.5	1.000000
chr1	46264552	46264865	21	314	20	14.390000	2	15.700000	46264689.5	1.000000
chr1	46266155	46267019	53	865	50	27.630000	7	16.350000	46266617.5	1.000000
chr1	46267651	46267972	19	322	18	12.310000	2	13.700000	46267805	1.000000
chr1	46268928	46269511	19	584	19	9.640000	2	8.000000	46269238	1.000000
chr1	46270252	46270587	12	336	11	10.470000	0	12.000000	46270405	-nan
chr1	46271735	46272050	20	316	20	10.720000	3	12.050000	46271892.5	1.000000
chr1	46272477	46273065	37	589	36	24.990000	3	16.000000	46272837.5	1.000000
chr1	46273194	46273613	23	420	23	10.030000	4	10.050000	46273482.5	1.000000
chr1	46273672	46274190	50	519	47	20.140000	10	15.750000	46273986.5	1.000000
chr1	46274351	46274681	17	331	17	12.870000	1	14.350000	46274498	1.000000
chr1	46274699	46318293	10713	43595	8951	2756.880000	2838	269.050000	46303763.5	1.000000
chr1	46339689	46341197	1379	1509	712	840.700000	187	344.800000	46340885	1.000000
chr1	46342801	46343514	43	714	43	29.740000	3	15.350000	46342988.5	1.000000
chr1	46346277	46346803	29	527	27	19.970000	2	16.350000	46346442.5	1.000000
chr1	46347170	46347431	12	262	12	11.210000	0	12.000000	46347353	-nan
chr1	46347867	46348175	26	309	23	11.490000	5	12.750000	46348049.5	1.000000
chr1	46348900	46349679	68	780	62	14.330000	18	10.700000	46349621	1.000000
chr1	46349851	46350298	37	448	35	15.800000	7	14.350000	46350164	1.000000
chr1	46351243	46351541	17	299	17	13.190000	1	14.350000	46351420.5	1.000000
chr1	46352306	46352732	40	427	35	19.010000	7	18.100000	46352509	1.000000
chr1	46355750	46356784	45	1035	42	14.520000	4	14.000000	46355901.5	1.000000
chr1	46356999	46357261	17	263	15	16.200000	0	17.000000	46357081	-nan
chr1	46357736	46358102	11	367	11	9.160000	0	11.000000	46357919	-nan
chr1	46359941	46360543	26	603	26	8.380000	5	6.350000	46360005	1.000000
chr1	46360858	46361842	108	985	99	31.080000	26	19.400000	46361252.5	1.000000
chr1	46362134	46362656	40	523	39	23.350000	5	18.700000	46362381.5	1.000000
chr1	46363319	46364435	105	1117	102	37.360000	22	23.400000	46363720	1.000000
chr1	46364438	46365503	77	1066	71	25.080000	14	22.700000	46364932	1.000000
chr1	46365510	46366221	48	712	46	17.370000	5	19.050000	46365678	1.000000
chr1	46368854	46369138	11	285	10	9.980000	0	11.000000	46368957	-nan
chr1	46369665	46369934	21	270	20	12.180000	3	13.050000	46369751	1.000000
chr1	46406636	46406957	11	322	11	9.610000	0	11.000000	46406789.5	-nan
chr1	46522665	46522914	14	250	13	13.330000	0	14.000000	46522735.5	-nan
chr1	46560085	46560447	17	363	16	9.900000	2	11.700000	46560266	1.000000
chr1	46586825	46587224	14	400	12	11.830000	0	12.000000	46587007	-nan
chr1	46603919	46604351	298	433	167	131.200000	62	120.550000	46604168	1.000000
chr1	46616540	46616884	42	345	37	21.950000	3	22.700000	46616755.5	1.000000
chr1	46673008	46673323	11	316	11	9.670000	0	11.000000	46673140	-nan
chr1	46685991	46686369	18	379	17	10.740000	2	11.700000	46686171	1.000000
chr1	46687351	46687876	21	526	20	9.620000	3	10.350000	46687697.5	1.000000
chr1	46689257	46689613	12	357	12	10.260000	0	12.000000	46689435	-nan
chr1	46709200	46709448	20	249	18	11.390000	3	12.050000	46709268.5	1.000000
chr1	46715965	46716388	12	424	11	9.590000	0	9.000000	46716132	-nan
chr1	46717461	46717803	26	343	25	13.800000	4	15.400000	46717623	1.000000
chr1	46717870	46718250	29	381	28	13.770000	5	12.350000	46718163	1.000000
chr1	46718886	46719237	123	352	90	78.910000	16	80.600000	46719069	1.000000
chr1	47047521	47047993	12	473	12	9.000000	0	10.000000	47047733	-nan
chr1	47179049	47179310	16	262	15	12.560000	1	13.350000	47179127	1.000000
chr1	47212097	47212316	17	220	14	11.330000	2	11.700000	47212133	1.000000
chr1	47213350	47213597	13	248	11	12.350000	0	13.000000	47213417	-nan
chr1	47213892	47215114	181	1223	156	75.200000	36	49.350000	47214797	1.000000
chr1	47215454	47215728	19	275	18	12.780000	2	13.700000	47215636	1.000000
chr1	47215910	47216409	77	500	64	39.380000	13	39.700000	47216065	1.000000
chr1	47216693	47217003	23	311	22	11.120000	4	12.400000	47216822.5	1.000000
chr1	47217280	47217586	27	307	27	20.460000	2	21.700000	47217405.5	1.000000
chr1	47218232	47218494	14	263	14	13.200000	0	14.000000	47218311	-nan
chr1	47218600	47219085	76	486	68	35.870000	14	25.750000	47218941	1.000000
chr1	47219127	47219489	26	363	24	13.600000	4	15.400000	47219310	1.000000
chr1	47220284	47220543	11	260	10	10.230000	0	11.000000	47220365.5	-nan
chr1	47220732	47222046	134	1315	126	24.630000	37	23.050000	47221863	1.000000
chr1	47223520	47224630	78	1111	72	40.710000	3	34.350000	47224408	1.000000
chr1	47226168	47226461	15	294	14	13.890000	0	15.000000	47226281.5	-nan
chr1	47229200	47229983	196	784	160	49.540000	53	44.850000	47229380	1.000000
chr1	47231040	47232329	690	1290	462	395.380000	107	194.900000	47231502	1.000000
chr1	47249445	47249917	79	473	70	44.300000	12	41.800000	47249706	1.000000
chr1	47250938	47251244	20	307	16	10.810000	3	12.050000	47251120.5	1.000000
chr1	47251879	47252169	17	291	17	10.620000	2	11.700000	47251987	1.000000
chr1	47257566	47257804	15	239	12	14.440000	0	15.000000	47257622.5	-nan
chr1	47259081	47259598	34	518	29	14.390000	6	14.350000	47259261	1.000000
chr1	47267581	47268009	14	429	11	11.540000	0	12.000000	47267830	-nan
chr1	47268441	47268997	29	557	28	14.660000	4	14.000000	47268570.5	1.000000
chr1	47269992	47270546	25	555	25	8.030000	5	9.700000	47270368	1.000000
chr1	47280038	47280411	30	374	28	14.840000	5	14.750000	47280228.5	1.000000
chr1	47282356	47282825	20	470	18	11.830000	2	12.000000	47282481.5	1.000000
chr1	47283414	47283746	19	333	18	9.550000	3	11.050000	47283567.5	1.000000
chr1	47285083	47285502	14	420	14	11.630000	0	11.000000	47285264	-nan
chr1	47291677	47292052	25	376	24	23.070000	0	22.000000	47291857	-nan
chr1	47293640	47293972	14	333	14	9.850000	1	11.350000	47293795	1.000000
chr1	47294692	47295673	154	982	139	71.810000	28	36.750000	47295065	1.000000
chr1	47295961	47296402	64	442	53	37.560000	9	32.750000	47296239.5	1.000000
chr1	47296733	47297336	58	604	54	29.940000	9	24.000000	47297127.5	1.000000
chr1	47298557	47299925	150	1369	141	84.990000	20	31.000000	47298982.5	1.000000
chr1	47300554	47301386	77	833	70	35.700000	9	28.700000	47300838	1.000000
chr1	47303403	47303881	42	479	39	31.090000	3	28.350000	47303600.5	1.000000
chr1	47306239	47306518	13	280	11	12.030000	0	13.000000	47306336.5	-nan
chr1	47306993	47307365	39	373	33	31.800000	2	32.700000	47307176	1.000000
chr1	47308732	47309268	30	537	28	15.860000	4	12.700000	47308968	1.000000
chr1	47310836	47311478	76	643	70	39.600000	12	27.050000	47311282.5	1.000000
chr1	47313719	47314288	550	570	282	395.080000	57	294.900000	47314034	1.000000
chr1	47314384	47315229	433	846	280	95.120000	125	62.200000	47314467	1.000000
chr1	47333220	47335105	762	1886	539	292.860000	167	92.250000	47333718.5	1.000000
chr1	47335208	47335714	153	507	121	64.960000	32	54.350000	47335446	1.000000
chr1	47340694	47340954	15	261	13	14.220000	0	15.000000	47340772	-nan
chr1	47341526	47341929	27	404	25	14.190000	4	13.700000	47341680.5	1.000000
chr1	47342767	47343106	12	340	11	10.430000	0	12.000000	47342923	-nan
chr1	47344025	47345250	113	1226	110	33.670000	26	18.700000	47344837.5	1.000000
chr1	47346368	47346897	22	530	22	13.230000	2	11.000000	47346676	1.000000
chr1	47348095	47348395	15	301	13	13.820000	0	15.000000	47348214.5	-nan
chr1	47351512	47351812	14	301	14	10.170000	1	11.350000	47351631	1.000000
chr1	47360270	47360550	14	281	14	10.370000	1	11.350000	47360372.5	1.000000
chr1	47362352	47362681	14	330	14	9.880000	1	11.350000	47362501.5	1.000000
chr1	47363406	47363695	12	290	12	10.930000	0	12.000000	47363515	-nan
chr1	47363996	47364555	38	560	38	23.630000	4	24.000000	47364373	1.000000
chr1	47368762	47369011	11	250	11	10.330000	0	11.000000	47368832.5	-nan
chr1	47369240	47369640	19	401	19	11.520000	2	12.700000	47369457	1.000000
chr1	47369991	47371110	106	1120	99	51.580000	17	32.350000	47370334.5	1.000000
chr1	47371282	47371721	42	440	42	26.180000	5	24.700000	47371538.5	1.000000
chr1	47371777	47372807	117	1031	110	34.890000	21	24.700000	47372266.5	1.000000
chr1	47373641	47373892	16	252	15	15.310000	0	16.000000	47373710.5	-nan
chr1	47376408	47376765	11	358	11	9.250000	0	11.000000	47376585.5	-nan
chr1	47381423	47381744	20	322	17	18.610000	0	20.000000	47381561.5	-nan
chr1	47382199	47382617	43	419	38	27.390000	5	27.050000	47382360.5	1.000000
chr1	47383518	47384026	61	509	54	20.640000	14	13.800000	47383683	1.000000
chr1	47384030	47384911	62	882	61	12.870000	8	13.750000	47384212.5	1.000000
chr1	47386008	47386326	18	319	16	13.990000	1	15.350000	47386144.5	1.000000
chr1	47386469	47388792	502	2324	449	199.690000	106	47.100000	47387100.5	1.000000
chr1	47426875	47427286	15	412	15	10.060000	1	11.350000	47427057	1.000000
chr1	47437426	47437853	118	428	88	81.100000	13	76.500000	47437608.5	1.000000
chr1	47437890	47438243	19	354	19	9.340000	3	11.050000	47438073	1.000000
chr1	47499155	47499531	11	377	11	9.060000	0	10.000000	47499334.5	-nan
chr1	47608775	47609372	12	598	11	7.610000	0	8.000000	47608953.5	-nan
chr1	47870807	47871171	12	365	12	10.140000	0	12.000000	47870988	-nan
chr1	48472117	48472641	72	525	63	36.780000	12	37.400000	48472526	1.000000
chr1	48549692	48550181	11	490	11	7.910000	0	9.000000	48549865.5	-nan
chr1	49935083	49935407	12	325	11	10.580000	0	12.000000	49935243	-nan
chr1	50432600	50433502	76	903	72	39.650000	11	19.000000	50432917	1.000000
chr1	50433621	50434161	39	541	36	27.470000	3	18.000000	50433791.5	1.000000
chr1	50434453	50436309	182	1857	169	53.960000	42	27.350000	50435721	1.000000
chr1	50436353	50436952	49	600	41	15.790000	7	16.350000	50436536	1.000000
chr1	50437387	50437640	11	254	10	10.290000	0	11.000000	50437569.5	-nan
chr1	50439180	50439742	31	563	29	21.900000	2	16.700000	50439415.5	1.000000
chr1	50461566	50462031	38	466	35	13.970000	8	12.450000	50461839.5	1.000000
chr1	50463873	50464391	16	519	15	9.990000	1	9.350000	50464193	1.000000
chr1	50467544	50467911	20	368	19	10.200000	3	11.050000	50467730	1.000000
chr1	50468520	50468917	11	398	11	8.850000	0	9.000000	50468688.5	-nan
chr1	50473474	50473900	17	427	17	9.260000	2	10.000000	50473793	1.000000
chr1	50474206	50474672	19	467	19	10.860000	2	9.350000	50474530	1.000000
chr1	50485401	50485883	14	483	14	11.000000	0	9.000000	50485568.5	-nan
chr1	50486718	50487082	14	365	14	12.150000	0	14.000000	50486900	-nan
chr1	50488371	50488832	17	462	17	11.560000	1	11.000000	50488552.5	1.000000
chr1	50490916	50491243	12	328	12	10.530000	0	12.000000	50491079.5	-nan
chr1	50497557	50497898	13	342	12	11.410000	0	13.000000	50497726	-nan
chr1	50499438	50499955	17	518	15	13.650000	0	11.000000	50499728.5	-nan
chr1	50502428	50502889	19	462	18	16.210000	0	14.000000	50502629.5	-nan
chr1	50523709	50524539	70	831	68	26.420000	14	19.700000	50523889.5	1.000000
chr1	50545757	50546205	18	449	17	10.040000	2	9.350000	50545937	1.000000
chr1	50547661	50548036	12	376	12	10.070000	0	11.000000	50547818	-nan
chr1	50549209	50549574	11	366	11	9.170000	0	11.000000	50549391.5	-nan
chr1	50550089	50550447	12	359	11	10.240000	0	12.000000	50550268	-nan
chr1	50553866	50554163	11	298	11	9.850000	0	11.000000	50554000	-nan
chr1	50555178	50555650	25	473	24	11.500000	4	10.000000	50555574	1.000000
chr1	50556004	50556399	12	396	11	9.870000	0	11.000000	50556220.5	-nan
chr1	50559551	50560010	20	460	20	17.160000	0	15.000000	50559749	-nan
chr1	50560732	50561256	19	525	18	12.800000	1	10.350000	50560912.5	1.000000
chr1	50568616	50568984	20	369	19	10.190000	3	11.050000	50568802	1.000000
chr1	50573196	50573527	20	332	19	15.860000	1	17.350000	50573352	1.000000
chr1	50586284	50586594	11	311	11	9.720000	0	11.000000	50586411	-nan
chr1	50587688	50588049	20	362	15	12.910000	2	14.700000	50587868	1.000000
chr1	50588122	50588383	12	262	12	11.210000	0	12.000000	50588205	-nan
chr1	50589617	50589984	23	368	21	15.850000	2	16.700000	50589800	1.000000
chr1	50590009	50590471	25	463	25	16.900000	2	14.350000	50590156	1.000000
chr1	50598527	50598975	28	449	28	12.090000	5	13.000000	50598834.5	1.000000
chr1	50599185	50599767	29	583	29	14.400000	4	12.000000	50599549.5	1.000000
chr1	50602294	50602732	14	439	14	11.440000	0	11.000000	50602553	-nan
chr1	50604105	50604657	43	553	41	14.640000	5	15.750000	50604214.5	1.000000
chr1	50606550	50607110	40	561	39	22.970000	5	23.000000	50606928.5	1.000000
chr1	50611149	50611518	21	370	21	13.830000	2	14.700000	50611342	1.000000
chr1	50614482	50614761	11	280	11	10.030000	0	11.000000	50614589.5	-nan
chr1	50615152	50615554	25	403	23	17.500000	2	18.350000	50615314.5	1.000000
chr1	50620815	50621178	12	364	11	10.190000	0	12.000000	50620996.5	-nan
chr1	50626465	50626701	11	237	10	10.460000	0	11.000000	50626525	-nan
chr1	50641930	50642608	21	679	21	12.940000	2	14.700000	50642194	1.000000
chr1	50642652	50643063	21	412	20	10.760000	3	11.050000	50642880	1.000000
chr1	50648986	50649338	12	353	11	10.300000	0	12.000000	50649162	-nan
chr1	50656592	50656919	14	328	14	9.900000	1	11.350000	50656755.5	1.000000
chr1	50660567	50660919	11	353	10	9.300000	0	11.000000	50660736.5	-nan
chr1	50670155	50670459	11	305	11	9.780000	0	11.000000	50670276.5	-nan
chr1	50674622	50674917	14	296	14	10.220000	1	11.350000	50674746	1.000000
chr1	50676284	50676619	17	336	17	10.170000	2	11.700000	50676451.5	1.000000
chr1	50686944	50687655	20	712	19	8.680000	2	6.000000	50687254	1.000000
chr1	50690516	50690871	18	356	18	10.970000	2	12.700000	50690693.5	1.000000
chr1	50707187	50707795	28	609	27	10.420000	5	9.700000	50707616	1.000000
chr1	50721249	50721544	17	296	17	13.220000	1	14.350000	50721363.5	1.000000
chr1	50733843	50734278	25	436	23	11.870000	4	12.000000	50734184.5	1.000000
chr1	50741678	50741996	12	319	12	10.640000	0	12.000000	50741818	-nan
chr1	50745709	50746131	23	423	21	12.650000	3	14.000000	50745868.5	1.000000
chr1	50747209	50747623	19	415	19	8.730000	3	8.350000	50747474.5	1.000000
chr1	50748865	50749143	15	279	13	11.390000	1	12.350000	50748970	1.000000
chr1	50751957	50752255	15	299	15	11.190000	1	12.700000	50752114	1.000000
chr1	50752561	50752833	19	273	17	12.800000	2	14.050000	50752695	1.000000
chr1	50754733	50755230	36	498	35	22.250000	4	18.000000	50754907	1.000000
chr1	50756350	50756900	28	551	27	13.720000	4	13.000000	50756520.5	1.000000
chr1	50757334	50757577	12	244	11	11.390000	0	12.000000	50757394	-nan
chr1	50757681	50758185	31	505	31	14.530000	5	14.050000	50757904	1.000000
chr1	50766762	50767148	17	387	15	9.660000	2	10.700000	50766936.5	1.000000
chr1	50768907	50769268	16	362	16	11.560000	1	13.350000	50769087.5	1.000000
chr1	50770677	50771199	22	523	22	8.000000	4	8.700000	50770858.5	1.000000
chr1	50771742	50772189	24	448	24	21.350000	0	16.000000	50772006.5	-nan
chr1	50779768	50780137	21	370	21	13.830000	2	15.350000	50779926	1.000000
chr1	50780478	50781236	46	759	43	19.040000	8	14.700000	50780888.5	1.000000
chr1	50786056	50786382	12	327	12	10.560000	0	12.000000	50786199.5	-nan
chr1	50787415	50787781	22	367	22	14.860000	2	16.700000	50787598	1.000000
chr1	50788512	50789015	26	504	25	12.190000	4	10.350000	50788680.5	1.000000
chr1	50789091	50790385	97	1295	88	21.430000	15	18.000000	50789498	1.000000
chr1	50808132	50808424	12	293	12	10.900000	0	12.000000	50808242	-nan
chr1	50812495	50812885	19	391	17	8.970000	3	10.050000	50812703	1.000000
chr1	50814569	50815139	30	571	30	20.820000	2	19.000000	50814748.5	1.000000
chr1	50832520	50832889	22	370	20	9.530000	4	10.400000	50832706.5	1.000000
chr1	50832896	50833157	12	262	11	11.210000	0	12.000000	50832977	-nan
chr1	50834123	50834392	14	270	12	13.130000	0	14.000000	50834215.5	-nan
chr1	50838672	50839021	12	350	12	10.330000	0	12.000000	50838846.5	-nan
chr1	50843783	50844096	11	314	10	9.690000	0	11.000000	50843913	-nan
chr1	50845953	50846288	12	336	11	10.470000	0	12.000000	50846105	-nan
chr1	50847770	50848000	12	231	11	11.520000	0	12.000000	50847817	-nan
chr1	50881899	50882169	13	271	12	12.120000	0	13.000000	50881989	-nan
chr1	50883090	50883464	15	375	14	10.430000	1	12.000000	50883292.5	1.000000
chr1	50885117	50885385	16	269	13	12.490000	1	13.350000	50885206	1.000000
chr1	50886198	50887306	55	1109	54	19.850000	5	18.050000	50887114.5	1.000000
chr1	50887361	50887740	17	380	15	9.730000	2	9.700000	50887547.5	1.000000
chr1	50887822	50888371	17	550	17	12.550000	0	13.000000	50888195.5	-nan
chr1	50893735	50894134	13	400	12	10.830000	0	11.000000	50893915	-nan
chr1	50902983	50903262	17	280	15	13.380000	1	14.350000	50903083.5	1.000000
chr1	50904187	50904468	14	282	14	13.010000	0	14.000000	50904287	-nan
chr1	50905015	50905652	49	638	46	31.200000	5	20.050000	50905198	1.000000
chr1	50905897	50906314	15	418	15	9.870000	1	9.000000	50906114	1.000000
chr1	50906366	50906730	20	365	20	12.880000	2	14.700000	50906548	1.000000
chr1	50907569	50907931	18	363	16	13.550000	1	15.350000	50907750	1.000000
chr1	50910374	50910738	16	365	15	11.530000	1	13.350000	50910555.5	1.000000
chr1	50924265	50924527	13	263	13	12.200000	0	13.350000	50924406	-nan
chr1	50925312	50925632	15	321	14	10.970000	1	12.350000	50925449	1.000000
chr1	50926795	50927143	21	349	21	19.340000	0	21.000000	50926964.5	-nan
chr1	50927724	50928223	32	500	29	10.280000	7	9.700000	50928029	1.000000
chr1	50931443	50931752	11	310	11	9.730000	0	11.000000	50931570.5	-nan
chr1	50932815	50933124	13	310	13	11.730000	0	13.000000	50932945	-nan
chr1	50935426	50935867	17	442	17	9.060000	2	8.000000	50935745	1.000000
chr1	50937296	50937607	15	312	13	11.060000	1	12.350000	50937431	1.000000
chr1	50938426	50939106	26	681	24	13.120000	4	14.050000	50938609	1.000000
chr1	50942532	50942942	18	411	16	10.420000	2	11.350000	50942743	1.000000
chr1	50949993	50950375	20	383	16	12.700000	2	13.700000	50950171	1.000000
chr1	50950709	50951347	43	639	40	18.530000	4	19.000000	50951184.5	1.000000
chr1	50951994	50954574	269	2581	253	90.190000	54	25.350000	50952516.5	1.000000
chr1	50959626	50959878	22	253	19	10.700000	4	11.400000	50959695	1.000000
chr1	50959953	50960943	472	991	288	132.450000	126	122.050000	50960455.5	1.000000
chr1	50968215	50970471	751	2257	584	214.930000	190	121.250000	50968494.5	1.000000
chr1	50976190	50976839	153	650	124	50.620000	32	37.500000	50976656	1.000000
chr1	50977164	50979278	811	2115	629	366.760000	160	132.900000	50978278	1.000000
chr1	50986939	50987510	27	572	27	15.160000	3	13.700000	50987108	1.000000
chr1	51236171	51236726	55	556	46	27.050000	10	28.500000	51236318.5	1.000000
chr1	51245832	51246338	20	507	20	11.460000	2	10.000000	51246010.5	1.000000
chr1	51273361	51273772	17	412	17	9.410000	2	9.350000	51273635.5	1.000000
chr1	51275484	51275896	22	413	20	9.100000	4	9.350000	51275562.5	1.000000
chr1	51277284	51277806	26	523	26	9.350000	5	10.000000	51277426.5	1.000000
chr1	51278003	51278287	14	285	13	10.330000	1	11.700000	51278148.5	1.000000
chr1	51320416	51320758	13	343	13	11.400000	0	13.000000	51320580.5	-nan
chr1	51331350	51331715	139	366	87	69.100000	21	70.650000	51331532	1.000000
chr1	51347847	51348250	30	404	28	17.190000	4	16.400000	51348036	1.000000
chr1	51348275	51348657	20	383	18	10.050000	3	10.050000	51348451	1.000000
chr1	51349768	51350095	19	328	19	9.600000	3	11.050000	51349913	1.000000
chr1	51351474	51351913	43	440	37	16.580000	9	17.400000	51351750	1.000000
chr1	51353281	51353923	45	643	42	19.670000	4	21.400000	51353453	1.000000
chr1	51364161	51364518	12	358	12	10.250000	0	12.000000	51364339.5	-nan
chr1	51369151	51369596	11	446	10	8.330000	0	8.000000	51369392	-nan
chr1	51372630	51373023	16	394	16	11.240000	1	11.350000	51372840	1.000000
chr1	51375056	51375439	19	384	18	14.340000	1	15.350000	51375223.5	1.000000
chr1	51428457	51428918	21	462	21	10.260000	3	9.000000	51428786.5	1.000000
chr1	51449488	51449877	27	390	25	11.680000	5	13.050000	51449737.5	1.000000
chr1	51450925	51451467	33	543	32	16.150000	5	11.000000	51451065.5	1.000000
chr1	51476330	51476874	22	545	21	7.780000	4	9.000000	51476717	1.000000
chr1	51477055	51477367	16	313	16	14.700000	0	16.000000	51477185	-nan
chr1	51491703	51492051	17	349	16	12.690000	1	14.350000	51491871	1.000000
chr1	51493245	51493497	12	253	9	11.300000	0	12.000000	51493322	-nan
chr1	51493602	51493879	13	278	12	12.050000	0	13.000000	51493696	-nan
chr1	51497782	51498252	22	471	21	10.240000	0	11.000000	51497926	-nan
chr1	51498491	51499150	54	660	54	14.780000	13	16.050000	51498968	1.000000
chr1	51503264	51503551	12	288	11	10.950000	0	12.000000	51503389	-nan
chr1	51504883	51505164	13	282	12	12.010000	0	13.350000	51505009	-nan
chr1	51517871	51519387	511	1517	336	188.870000	103	124.150000	51518346	1.000000
chr1	51521021	51521492	39	472	35	10.620000	6	12.050000	51521171	1.000000
chr1	51524633	51524979	14	347	13	9.710000	1	11.350000	51524797	1.000000
chr1	51528203	51528563	13	361	13	11.200000	0	13.000000	51528383	-nan
chr1	51531422	51531693	12	272	12	11.110000	0	12.000000	51531510	-nan
chr1	51531893	51532603	68	711	63	22.830000	10	24.000000	51532432	1.000000
chr1	51546727	51547073	11	347	11	9.360000	0	11.000000	51546900	-nan
chr1	51563719	51564280	19	562	18	9.640000	2	11.000000	51563891.5	1.000000
chr1	51581127	51581453	12	327	10	10.560000	0	12.000000	51581272	-nan
chr1	51594183	51594546	11	364	11	9.190000	0	11.000000	51594363	-nan
chr1	51616857	51617470	305	614	177	207.940000	35	173.500000	51617207	1.000000
chr1	51709666	51710100	15	435	14	12.470000	0	14.000000	51709918.5	-nan
chr1	51729018	51730173	524	1156	359	275.770000	90	162.050000	51729471	1.000000
chr1	51730177	51730402	17	226	16	11.270000	2	11.700000	51730355.5	1.000000
chr1	51738341	51738618	12	278	11	11.050000	0	12.000000	51738443.5	-nan
chr1	51741241	51741728	36	488	33	11.750000	8	12.050000	51741546.5	1.000000
chr1	51744878	51745228	21	351	20	14.020000	2	15.700000	51745049	1.000000
chr1	51747258	51747842	23	585	23	8.340000	4	8.350000	51747659.5	1.000000
chr1	51760019	51760311	14	293	14	12.900000	0	14.000000	51760128.5	-nan
chr1	51763115	51763682	39	568	37	19.250000	6	13.400000	51763293	1.000000
chr1	51767047	51767383	11	337	10	9.460000	0	11.000000	51767200	-nan
chr1	51767920	51768591	43	672	40	16.910000	8	15.350000	51768071.5	1.000000
chr1	51775154	51775864	57	711	53	17.270000	13	13.050000	51775302.5	1.000000
chr1	51776330	51776649	14	320	14	9.980000	1	11.350000	51776467	1.000000
chr1	51779075	51779333	11	259	11	10.240000	0	11.000000	51779152.5	-nan
chr1	51779680	51780994	211	1315	189	69.830000	49	33.050000	51780354	1.000000
chr1	51781536	51782553	116	1018	105	38.750000	26	22.700000	51781993.5	1.000000
chr1	51783946	51797383	3341	13438	2872	1481.710000	646	101.700000	51791309	1.000000
chr1	51797492	51798045	48	554	44	33.690000	4	25.000000	51797782	1.000000
chr1	51798359	51798658	20	300	19	18.830000	0	20.000000	51798532.5	-nan
chr1	51800574	51801194	39	621	37	16.540000	3	17.700000	51800961.5	1.000000
chr1	51801195	51801526	23	332	19	13.560000	3	15.050000	51801376.5	1.000000
chr1	51812633	51812949	12	317	12	10.660000	0	12.000000	51812807	-nan
chr1	51825021	51825495	16	475	16	10.250000	1	8.000000	51825194.5	1.000000
chr1	51840799	51841105	14	307	13	12.760000	0	14.000000	51840952	-nan
chr1	51843814	51844292	33	479	30	24.740000	2	21.000000	51844109	1.000000
chr1	51844536	51845583	62	1048	59	16.830000	10	14.700000	51845271	1.000000
chr1	51845635	51845989	13	355	13	11.280000	0	13.000000	51845812	-nan
chr1	51846721	51847302	39	582	38	11.160000	9	11.050000	51846895.5	1.000000
chr1	51850671	51850942	17	272	16	13.460000	1	14.350000	51850760.5	1.000000
chr1	51852982	51853495	20	514	20	16.460000	0	14.000000	51853162	-nan
chr1	51857307	51857590	13	284	12	11.990000	0	13.000000	51857410.5	-nan
chr1	51857952	51858268	13	317	13	11.660000	0	13.000000	51858088.5	-nan
chr1	51858402	51859065	50	664	48	16.780000	7	17.700000	51858595	1.000000
chr1	51859368	51859662	25	295	24	15.930000	3	17.050000	51859481.5	1.000000
chr1	51860727	51861262	37	536	35	28.170000	2	20.700000	51860947	1.000000
chr1	51861978	51862217	12	240	11	11.430000	0	12.000000	51862034	-nan
chr1	51862465	51862774	14	310	14	12.710000	0	14.000000	51862591	-nan
chr1	51862936	51863306	12	371	12	10.120000	0	11.000000	51863127.5	-nan
chr1	51870274	51870708	56	435	45	24.330000	11	26.100000	51870457	1.000000
chr1	51871290	51871510	11	221	10	10.620000	0	11.000000	51871329.5	-nan
chr1	51871774	51872088	29	315	28	17.080000	4	18.400000	51871906.5	1.000000
chr1	51872101	51872444	38	344	34	20.490000	6	22.100000	51872282.5	1.000000
chr1	51877037	51877269	14	233	11	13.500000	0	14.000000	51877088	-nan
chr1	51878327	51879560	928	1234	538	353.040000	213	251.100000	51878627	1.000000
chr1	52002833	52003238	14	406	14	11.770000	0	13.000000	52003005.5	-nan
chr1	52019278	52019795	32	518	31	26.000000	1	19.000000	52019613	1.000000
chr1	52030810	52031515	55	706	52	23.270000	10	23.350000	52031377.5	1.000000
chr1	52032725	52033023	22	299	21	15.540000	2	16.700000	52032840	1.000000
chr1	52033155	52033929	490	775	320	298.580000	70	183.800000	52033694.5	1.000000
chr1	52042566	52043347	20	782	19	13.980000	1	13.350000	52042749	1.000000
chr1	52046654	52047202	12	549	12	6.430000	0	7.000000	52046783	-nan
chr1	52054862	52056998	1016	2137	737	249.160000	282	151.800000	52056432.5	1.000000
chr1	52061020	52061497	29	478	27	10.150000	6	10.400000	52061198.5	1.000000
chr1	52062292	52063146	73	855	64	25.270000	10	18.400000	52062965	1.000000
chr1	52066004	52066414	29	411	27	26.720000	0	27.000000	52066182.5	-nan
chr1	52072469	52073020	48	552	42	23.110000	8	20.000000	52072915	1.000000
chr1	52073275	52073686	29	412	28	13.460000	5	12.750000	52073507	1.000000
chr1	52073854	52074257	34	404	31	18.540000	5	19.050000	52074100.5	1.000000
chr1	52076178	52076595	28	418	28	20.350000	2	21.000000	52076423.5	1.000000
chr1	52076933	52077896	54	964	50	12.600000	10	13.000000	52077047.5	1.000000
chr1	52078560	52078873	22	314	21	15.390000	2	16.700000	52078690	1.000000
chr1	52079211	52079600	21	390	20	10.980000	3	11.700000	52079449	1.000000
chr1	52080618	52080982	12	365	12	10.180000	0	12.000000	52080800	-nan
chr1	52082341	52082630	12	290	12	10.930000	0	12.000000	52082450	-nan
chr1	52088466	52088896	30	431	28	14.270000	5	12.000000	52088526	1.000000
chr1	52090143	52090546	26	404	26	13.190000	4	12.350000	52090433	1.000000
chr1	52090571	52091224	55	654	51	21.140000	11	18.750000	52091084.5	1.000000
chr1	52091543	52094432	412	2890	372	112.640000	99	29.700000	52092679.5	1.000000
chr1	52094509	52095957	91	1449	86	19.120000	22	13.450000	52094750	1.000000
chr1	52141747	52142144	55	398	47	31.650000	8	30.800000	52141930	1.000000
chr1	52244199	52244489	11	291	10	9.920000	0	11.000000	52244317.5	-nan
chr1	52329876	52330563	381	688	252	214.250000	57	126.200000	52330336.5	1.000000
chr1	52343122	52343602	13	481	13	10.020000	0	8.000000	52343348.5	-nan
chr1	52347705	52348544	92	840	84	37.730000	18	29.050000	52347985.5	1.000000
chr1	52349142	52349512	34	371	32	10.920000	8	10.800000	52349328.5	1.000000
chr1	52349750	52358368	1327	8619	1219	427.120000	303	47.050000	52354178	1.000000
chr1	52365080	52365669	123	590	91	37.890000	16	38.400000	52365486	1.000000
chr1	52365712	52366212	230	501	154	107.580000	41	102.450000	52366061	1.000000
chr1	52368677	52369032	19	356	17	14.620000	1	16.350000	52368854.5	1.000000
chr1	52369311	52369706	25	396	25	9.620000	5	10.700000	52369608	1.000000
chr1	52369939	52370325	41	387	38	31.010000	3	31.350000	52370102.5	1.000000
chr1	52370356	52370913	61	558	56	30.750000	10	24.100000	52370582.5	1.000000
chr1	52372038	52372579	63	542	58	18.640000	11	20.050000	52372417.5	1.000000
chr1	52372821	52373497	30	677	29	13.490000	0	15.000000	52372976.5	-nan
chr1	52373939	52374295	14	357	14	12.260000	0	14.000000	52374112.5	-nan
chr1	52374683	52374980	15	298	15	11.200000	1	12.350000	52374804.5	1.000000
chr1	52375037	52375455	22	419	21	16.990000	1	15.350000	52375245	1.000000
chr1	52375603	52376120	33	518	32	21.700000	3	18.700000	52375802.5	1.000000
chr1	52376365	52377102	69	738	65	26.350000	14	18.350000	52376931.5	1.000000
chr1	52378047	52379030	77	984	76	37.190000	12	20.700000	52378282.5	1.000000
chr1	52379731	52380012	12	282	10	11.010000	0	12.000000	52379831	-nan
chr1	52380052	52380570	31	519	29	27.640000	0	21.000000	52380230	-nan
chr1	52381253	52382252	104	1000	98	40.180000	21	23.700000	52382075	1.000000
chr1	52382533	52382897	14	365	13	12.180000	0	14.000000	52382715	-nan
chr1	52385425	52386229	54	805	51	18.250000	4	20.000000	52386046	1.000000
chr1	52386351	52386752	39	402	37	28.860000	3	26.700000	52386548	1.000000
chr1	52386989	52387684	81	696	75	52.020000	9	24.700000	52387467	1.000000
chr1	52388473	52388884	11	412	11	8.690000	0	10.000000	52388642.5	-nan
chr1	52390107	52390559	20	453	19	12.000000	2	11.000000	52390438	1.000000
chr1	52393328	52393980	26	653	24	12.900000	3	8.000000	52393627	1.000000
chr1	52395250	52395989	37	740	34	12.880000	7	9.350000	52395486.5	1.000000
chr1	52396849	52397172	16	324	14	11.940000	1	13.400000	52397020	1.000000
chr1	52397439	52398770	168	1332	151	42.960000	34	26.350000	52397615	1.000000
chr1	52399003	52399254	14	252	13	10.660000	1	11.350000	52399185.5	1.000000
chr1	52399273	52400266	130	994	118	31.790000	34	27.450000	52399816	1.000000
chr1	52400280	52400492	11	213	9	10.700000	0	11.000000	52400462.5	-nan
chr1	52403446	52404941	1005	1496	600	467.840000	192	232.000000	52404718	1.000000
chr1	52406937	52407367	28	431	26	17.570000	3	14.050000	52407170	1.000000
chr1	52407756	52408048	14	293	14	10.250000	1	11.350000	52407936	1.000000
chr1	52408264	52408968	41	705	41	15.950000	4	14.350000	52408609.5	1.000000
chr1	52412630	52413051	32	422	29	13.710000	6	14.700000	52412935	1.000000
chr1	52413154	52413399	11	246	10	10.370000	0	11.000000	52413217	-nan
chr1	52414086	52414468	23	383	21	13.050000	3	14.350000	52414299.5	1.000000
chr1	52415612	52420668	826	5057	755	313.260000	176	57.800000	52419798.5	1.000000
chr1	52422251	52422511	11	261	9	10.220000	0	11.000000	52422416	-nan
chr1	52424080	52424369	20	290	17	13.630000	2	14.700000	52424186.5	1.000000
chr1	52434662	52434958	14	297	12	10.210000	1	11.350000	52434781	1.000000
chr1	52455042	52455299	13	258	13	12.250000	0	13.000000	52455139	-nan
chr1	52455975	52456506	17	532	17	10.860000	1	11.000000	52456218.5	1.000000
chr1	52479065	52479360	11	296	11	9.870000	0	11.000000	52479184	-nan
chr1	52520702	52521490	47	789	45	26.630000	2	23.350000	52520885	1.000000
chr1	52527854	52528347	17	494	14	8.330000	2	9.000000	52527935.5	1.000000
chr1	52534086	52534381	14	296	14	10.220000	1	11.350000	52534204	1.000000
chr1	52552750	52553862	329	1113	248	197.430000	40	115.500000	52553041	1.000000
chr1	52642633	52643045	11	413	11	8.700000	0	10.000000	52642810.5	-nan
chr1	52683297	52686701	654	3405	589	266.740000	131	52.000000	52684185	1.000000
chr1	52686838	52687126	19	289	19	12.640000	2	13.700000	52687019	1.000000
chr1	52687660	52687976	13	317	13	11.660000	0	13.000000	52687842.5	-nan
chr1	52690893	52691307	19	415	18	11.380000	2	12.000000	52691152	1.000000
chr1	52692518	52692973	19	456	19	16.270000	0	13.000000	52692716	-nan
chr1	52696187	52696431	13	245	12	12.380000	0	13.000000	52696249.5	-nan
chr1	52696908	52697263	21	356	21	19.270000	0	21.000000	52697081	-nan
chr1	52697451	52698691	551	1241	404	203.870000	127	122.100000	52698234	1.000000
chr1	52726345	52726838	106	494	82	84.340000	7	82.750000	52726526.5	1.000000
chr1	52737176	52737721	20	546	20	11.070000	2	12.000000	52737301	1.000000
chr1	52740870	52741253	11	384	10	8.870000	0	10.000000	52741052.5	-nan
chr1	52753941	52754369	19	429	18	11.240000	2	11.350000	52754211	1.000000
chr1	52805035	52805385	12	351	12	10.320000	0	12.000000	52805208	-nan
chr1	52828213	52828549	15	337	14	10.810000	1	12.350000	52828370.5	1.000000
chr1	52842248	52842667	39	420	35	26.030000	4	27.050000	52842431	1.000000
chr1	52842682	52843922	404	1241	317	136.370000	97	78.950000	52842904.5	1.000000
chr1	52844015	52844249	11	235	10	10.480000	0	11.000000	52844196.5	-nan
chr1	52857578	52858076	19	499	19	12.990000	1	12.350000	52857755	1.000000
chr1	52858403	52859019	42	617	42	21.760000	6	16.000000	52858820	1.000000
chr1	52861863	52862238	18	376	18	10.770000	2	11.700000	52862034.5	1.000000
chr1	52864196	52864543	18	348	18	13.700000	1	15.350000	52864360.5	1.000000
chr1	52870449	52871180	32	732	31	21.210000	2	12.000000	52870631.5	1.000000
chr1	52873408	52873969	43	562	39	25.960000	5	22.000000	52873769.5	1.000000
chr1	52874391	52874836	36	446	34	25.420000	3	20.700000	52874653	1.000000
chr1	52875873	52876248	22	376	21	9.470000	4	11.050000	52876053	1.000000
chr1	52876284	52876673	28	390	27	17.980000	3	18.050000	52876476	1.000000
chr1	52882540	52882919	11	380	10	9.030000	0	10.000000	52882738	-nan
chr1	52884822	52885485	25	664	25	6.800000	5	7.000000	52884883.5	1.000000
chr1	52886113	52886720	14	608	13	6.710000	1	8.000000	52886344.5	1.000000
chr1	52897038	52899479	292	2442	269	62.710000	78	25.700000	52897707	1.000000
chr1	52900110	52900401	15	292	14	13.910000	0	15.000000	52900290	-nan
chr1	52900694	52901199	29	506	28	15.170000	4	15.000000	52901078.5	1.000000
chr1	52901258	52901502	16	245	13	15.380000	0	16.000000	52901319.5	-nan
chr1	52903103	52903653	61	551	57	44.070000	5	32.700000	52903444	1.000000
chr1	52903825	52904332	69	508	61	31.300000	13	21.450000	52904025	1.000000
chr1	52904515	52904956	49	442	45	30.510000	6	27.400000	52904733	1.000000
chr1	52927295	52927579	42	285	32	35.680000	2	36.700000	52927396	1.000000
chr1	52975964	52976621	21	658	21	15.910000	0	12.000000	52976268	-nan
chr1	53014933	53015228	52	296	40	24.370000	10	25.500000	53015116	1.000000
chr1	53034431	53034831	16	401	15	11.170000	1	11.000000	53034572	1.000000
chr1	53044129	53044554	11	426	11	8.450000	0	10.000000	53044300.5	-nan
chr1	53052812	53053235	36	424	33	15.040000	7	16.400000	53053054.5	1.000000
chr1	53053855	53054208	17	354	17	12.640000	1	14.350000	53054026.5	1.000000
chr1	53196469	53197167	312	699	208	179.840000	37	157.950000	53196876.5	1.000000
chr1	53197401	53197680	20	280	18	13.730000	2	14.700000	53197583.5	1.000000
chr1	53197927	53198350	27	424	25	16.640000	3	15.350000	53198101	1.000000
chr1	53198634	53198949	14	316	14	10.020000	1	11.700000	53198815.5	1.000000
chr1	53207372	53207850	20	479	20	11.740000	2	12.350000	53207675	1.000000
chr1	53209535	53209876	17	342	17	10.110000	2	11.700000	53209701.5	1.000000
chr1	53210136	53210475	19	340	18	17.430000	0	19.000000	53210295.5	-nan
chr1	53211124	53212378	73	1255	71	30.480000	12	22.000000	53212121	1.000000
chr1	53213330	53213979	53	650	50	19.180000	11	15.050000	53213825.5	1.000000
chr1	53220198	53221087	910	890	442	627.330000	104	422.850000	53220500	1.000000
chr1	53225291	53226730	215	1440	190	83.180000	45	36.700000	53226499	1.000000
chr1	53227562	53227871	15	310	14	13.730000	0	15.000000	53227741.5	-nan
chr1	53229095	53229558	37	464	37	28.890000	2	19.700000	53229278	1.000000
chr1	53232368	53232720	21	353	20	11.350000	3	13.050000	53232538.5	1.000000
chr1	53236571	53236901	16	331	16	11.870000	1	13.350000	53236729	1.000000
chr1	53237503	53237973	30	471	29	16.520000	4	15.700000	53237756.5	1.000000
chr1	53238194	53238622	196	429	130	108.740000	32	105.750000	53238445	1.000000
chr1	53238634	53238865	17	232	16	13.860000	1	14.350000	53238817	1.000000
chr1	53239809	53241415	173	1607	166	63.360000	36	29.000000	53240381	1.000000
chr1	53242996	53244630	198	1635	192	88.080000	36	29.350000	53243316.5	1.000000
chr1	53244965	53245313	19	349	19	9.390000	3	11.050000	53245148	1.000000
chr1	53248783	53249366	31	584	31	19.040000	3	15.700000	53249114.5	1.000000
chr1	53250399	53250714	18	316	16	14.020000	1	15.350000	53250532	1.000000
chr1	53250869	53251178	14	310	13	10.080000	1	11.350000	53250997	1.000000
chr1	53255200	53255639	24	440	24	11.820000	0	13.000000	53255317.5	-nan
chr1	53256668	53257140	32	473	30	10.550000	7	10.400000	53256917	1.000000
chr1	53258133	53258566	14	434	14	8.840000	1	9.000000	53258386	1.000000
chr1	53265992	53266561	33	570	31	13.230000	6	14.000000	53266161.5	1.000000
chr1	53267234	53268181	64	948	59	28.140000	7	17.050000	53268021	1.000000
chr1	53268271	53268552	16	282	15	12.360000	1	13.350000	53268372	1.000000
chr1	53269452	53270082	43	631	41	17.320000	8	17.700000	53269616	1.000000
chr1	53271037	53271514	12	478	12	8.640000	0	9.000000	53271341	-nan
chr1	53272264	53272651	20	388	20	17.950000	0	18.000000	53272445	-nan
chr1	53274431	53275025	43	595	43	28.280000	4	21.000000	53274766.5	1.000000
chr1	53276026	53276392	18	367	17	16.160000	0	18.000000	53276209	-nan
chr1	53280935	53281237	17	303	17	13.150000	1	14.700000	53281069.5	1.000000
chr1	53282511	53282940	12	430	12	9.530000	0	11.000000	53282694	-nan
chr1	53286368	53286754	12	387	12	9.960000	0	11.000000	53286582	-nan
chr1	53289293	53290262	49	970	48	14.330000	10	14.350000	53289877.5	1.000000
chr1	53291284	53291666	18	383	18	13.350000	1	14.000000	53291421	1.000000
chr1	53298686	53299016	13	331	12	11.520000	0	13.000000	53298841.5	-nan
chr1	53299177	53299666	16	490	14	12.910000	0	11.000000	53299484.5	-nan
chr1	53300705	53301106	20	402	18	9.860000	3	9.350000	53300847	1.000000
chr1	53308111	53308490	23	380	22	13.080000	3	13.700000	53308275	1.000000
chr1	53309353	53309696	19	344	19	12.090000	2	13.700000	53309524.5	1.000000
chr1	53309948	53310455	27	508	25	18.450000	2	14.700000	53310114.5	1.000000
chr1	53311725	53312980	63	1256	61	13.410000	8	12.000000	53311827.5	1.000000
chr1	53313283	53313650	11	368	11	9.150000	0	10.000000	53313467	-nan
chr1	53313862	53314913	23	1052	23	12.790000	4	12.000000	53314153.5	1.000000
chr1	53317798	53318067	17	270	15	10.830000	2	11.700000	53317890.5	1.000000
chr1	53318340	53318748	23	409	22	10.140000	4	11.400000	53318567.5	1.000000
chr1	53319091	53320998	162	1908	158	30.680000	43	20.350000	53320841.5	1.000000
chr1	53321725	53322103	20	379	18	18.040000	0	19.000000	53321914	-nan
chr1	53323298	53323765	32	468	29	21.200000	3	18.350000	53323465.5	1.000000
chr1	53325818	53327853	1158	2036	762	594.980000	200	302.500000	53326502	1.000000
chr1	53334424	53334949	12	526	12	7.730000	0	9.000000	53334772	-nan
chr1	53458244	53458616	11	373	11	8.900000	0	10.000000	53458438	-nan
chr1	53762705	53763334	36	630	36	26.230000	2	17.000000	53762868.5	1.000000
chr1	53763718	53764010	19	293	15	17.900000	0	19.000000	53763828.5	-nan
chr1	53764110	53764563	30	454	28	21.990000	2	20.350000	53764272	1.000000
chr1	53764564	53764886	31	323	27	16.350000	5	17.750000	53764704	1.000000
chr1	53765370	53765606	11	237	10	10.460000	0	11.000000	53765423	-nan
chr1	53774896	53775585	29	690	28	12.680000	4	12.700000	53775404	1.000000
chr1	53779772	53780242	41	471	39	24.870000	5	22.050000	53780072	1.000000
chr1	53784344	53784638	11	295	9	9.880000	0	11.000000	53784462	-nan
chr1	53787386	53787800	17	415	17	14.680000	0	15.000000	53787595	-nan
chr1	53788457	53788857	18	401	17	15.820000	0	16.000000	53788621	-nan
chr1	53789411	53789665	11	255	11	10.280000	0	11.000000	53789483.5	-nan
chr1	53790301	53790596	15	296	13	11.220000	1	12.350000	53790420	1.000000
chr1	53794961	53795441	20	481	20	14.240000	1	14.350000	53795133.5	1.000000
chr1	53796154	53796420	11	267	11	10.160000	0	11.000000	53796240.5	-nan
chr1	53798569	53799227	55	659	53	34.340000	6	23.700000	53798872	1.000000
chr1	53799569	53799797	11	229	10	10.540000	0	11.000000	53799619	-nan
chr1	53800385	53800820	22	436	21	14.170000	2	12.700000	53800633	1.000000
chr1	53801451	53801883	32	433	30	16.250000	5	15.700000	53801718	1.000000
chr1	53803347	53803930	33	584	32	13.090000	6	12.350000	53803729	1.000000
chr1	53804545	53804849	20	305	20	18.780000	0	20.000000	53804676.5	-nan
chr1	53818044	53818408	13	365	12	11.180000	0	13.000000	53818225.5	-nan
chr1	53822137	53822399	12	263	10	11.200000	0	12.000000	53822218.5	-nan
chr1	53827521	53827893	19	373	19	11.800000	2	12.700000	53827700	1.000000
chr1	53828366	53829251	56	886	53	25.320000	10	18.100000	53828725.5	1.000000
chr1	53837868	53838656	369	789	263	128.060000	84	86.700000	53838232	1.000000
chr1	53889469	53889924	102	456	79	46.270000	20	40.900000	53889764	1.000000
chr1	53908587	53909090	12	504	11	8.610000	0	7.000000	53908892	-nan
chr1	53919521	53919871	22	351	22	15.020000	2	16.700000	53919690.5	1.000000
chr1	53926556	53927218	39	663	34	23.600000	4	15.000000	53926835	1.000000
chr1	53945327	53945825	205	499	151	132.940000	26	123.900000	53945520	1.000000
chr1	53946297	53946839	32	543	32	28.340000	0	24.000000	53946468	-nan
chr1	53949447	53949854	17	408	17	9.450000	2	11.000000	53949610	1.000000
chr1	53958064	53958395	16	332	16	14.510000	0	16.350000	53958247	-nan
chr1	53958810	53959162	11	353	11	9.300000	0	11.000000	53958980	-nan
chr1	53965366	53965691	12	326	11	10.570000	0	12.000000	53965510	-nan
chr1	54052970	54053415	159	446	114	69.600000	33	67.850000	54053162	1.000000
chr1	54053481	54053887	146	407	106	64.260000	30	62.400000	54053712	1.000000
chr1	54065910	54066416	22	507	22	10.810000	3	8.700000	54066233	1.000000
chr1	54098823	54099149	12	327	12	10.560000	0	12.000000	54098986	-nan
chr1	54168583	54169420	27	838	27	12.150000	3	12.350000	54169239.5	1.000000
chr1	54199742	54200594	339	853	236	174.100000	45	138.050000	54200250	1.000000
chr1	54207572	54208875	63	1304	62	21.010000	7	14.000000	54208424	1.000000
chr1	54209187	54209706	34	520	34	14.700000	6	13.050000	54209543.5	1.000000
chr1	54210575	54211030	26	456	25	10.020000	5	10.050000	54210848.5	1.000000
chr1	54215022	54215279	11	258	9	10.250000	0	11.000000	54215100	-nan
chr1	54218254	54218637	30	384	28	20.040000	3	21.350000	54218484.5	1.000000
chr1	54218997	54219363	42	367	36	34.860000	2	36.700000	54219180	1.000000
chr1	54220117	54220732	34	616	32	16.810000	6	18.100000	54220245.5	1.000000
chr1	54221340	54224927	637	3588	569	149.770000	171	79.350000	54221659	1.000000
chr1	54225009	54225522	30	514	29	11.390000	2	12.700000	54225389.5	1.000000
chr1	54225947	54226338	40	392	38	29.960000	3	28.700000	54226155.5	1.000000
chr1	54226405	54226737	20	333	18	10.550000	3	12.050000	54226588	1.000000
chr1	54227138	54227609	36	472	34	27.810000	2	23.000000	54227369.5	1.000000
chr1	54228114	54228551	34	438	31	23.500000	3	21.350000	54228388.5	1.000000
chr1	54232872	54233518	30	647	30	19.730000	2	12.000000	54233021	1.000000
chr1	54237658	54238279	26	622	25	13.430000	3	11.000000	54237879.5	1.000000
chr1	54238654	54238913	12	260	11	11.230000	0	12.000000	54238771.5	-nan
chr1	54242006	54242441	18	436	17	15.470000	0	15.000000	54242166.5	-nan
chr1	54244637	54245130	25	494	23	16.590000	2	13.350000	54244792	1.000000
chr1	54245425	54245770	15	346	15	10.720000	1	12.350000	54245589.5	1.000000
chr1	54247257	54247535	11	279	11	10.040000	0	11.000000	54247369.5	-nan
chr1	54251702	54252292	17	591	17	7.510000	2	7.000000	54251880	1.000000
chr1	54264823	54265275	17	453	17	11.470000	1	11.350000	54265101	1.000000
chr1	54270169	54270887	35	719	33	24.340000	2	14.000000	54270679.5	1.000000
chr1	54271589	54272064	17	476	17	8.770000	2	9.350000	54271763	1.000000
chr1	54274882	54275248	21	367	21	13.860000	2	15.700000	54275065	1.000000
chr1	54278174	54278772	30	599	29	15.240000	4	11.350000	54278452	1.000000
chr1	54293029	54293509	13	481	13	9.800000	0	8.000000	54293178.5	-nan
chr1	54322549	54322950	11	402	11	8.810000	0	9.000000	54322767	-nan
chr1	54326168	54326644	17	477	16	8.740000	2	10.350000	54326461.5	1.000000
chr1	54335416	54336496	39	1081	38	18.350000	4	14.000000	54336313.5	1.000000
chr1	54339354	54339816	20	463	19	11.900000	2	9.700000	54339526	1.000000
chr1	54343030	54343377	14	348	12	9.700000	1	11.350000	54343203.5	1.000000
chr1	54343932	54344250	18	319	17	13.990000	1	15.350000	54344073.5	1.000000
chr1	54346468	54346859	20	392	19	17.910000	0	17.000000	54346678.5	-nan
chr1	54348432	54348908	11	477	11	8.060000	0	7.000000	54348728	-nan
chr1	54350230	54350756	23	527	22	11.610000	3	10.000000	54350350	1.000000
chr1	54353563	54353886	14	324	13	9.940000	1	11.350000	54353705	1.000000
chr1	54354101	54354363	13	263	13	12.200000	0	13.000000	54354181.5	-nan
chr1	54357836	54358169	13	334	13	11.490000	0	13.000000	54357988	-nan
chr1	54358259	54358630	18	372	18	16.110000	0	17.000000	54358442	-nan
chr1	54365505	54365804	18	300	18	14.180000	1	15.350000	54365631.5	1.000000
chr1	54373455	54373907	17	453	17	14.300000	0	11.000000	54373614	-nan
chr1	54391231	54391586	13	356	12	11.270000	0	13.000000	54391408.5	-nan
chr1	54392818	54393308	19	491	19	10.620000	2	10.350000	54393144	1.000000
chr1	54394816	54395158	14	343	14	9.750000	1	11.350000	54394977	1.000000
chr1	54396931	54397260	12	330	11	10.530000	0	12.000000	54397078	-nan
chr1	54406505	54406823	62	319	47	39.440000	8	40.800000	54406643.5	1.000000
chr1	54406863	54407160	14	298	13	12.850000	0	14.000000	54407036	-nan
chr1	54407244	54407661	54	418	50	18.790000	8	19.750000	54407478	1.000000
chr1	54409620	54409869	17	250	15	13.680000	1	14.350000	54409686	1.000000
chr1	54488472	54488713	23	242	19	17.110000	2	17.700000	54488536.5	1.000000
chr1	54489240	54489472	14	233	13	10.850000	1	11.350000	54489296	1.000000
chr1	54503052	54503407	24	356	22	19.620000	1	21.350000	54503224.5	1.000000
chr1	54542345	54542656	11	312	11	9.710000	0	11.000000	54542473	-nan
chr1	54715696	54716176	312	481	172	203.020000	40	200.400000	54715955.5	1.000000
chr1	54719323	54719590	11	268	10	10.150000	0	11.000000	54719412.5	-nan
chr1	54732931	54733282	15	352	15	10.660000	1	12.350000	54733103.5	1.000000
chr1	54734088	54734468	18	381	17	10.720000	2	11.350000	54734228	1.000000
chr1	54739284	54739805	25	522	25	12.220000	0	14.000000	54739464	-nan
chr1	54742039	54742637	36	599	33	21.240000	4	16.000000	54742297	1.000000
chr1	54743267	54744501	122	1235	117	38.240000	15	23.000000	54744152	1.000000
chr1	54764131	54764646	286	516	176	189.920000	35	164.050000	54764433.5	1.000000
chr1	54839252	54839832	23	581	22	18.990000	0	14.000000	54839649.5	-nan
chr1	54840485	54841275	51	791	51	26.370000	7	20.700000	54841024	1.000000
chr1	54841866	54842275	18	410	18	13.080000	1	14.000000	54842103	1.000000
chr1	54843049	54843461	24	413	22	11.100000	4	10.400000	54843245.5	1.000000
chr1	54845364	54852377	950	7014	874	380.840000	189	47.350000	54849762	1.000000
chr1	54853014	54857973	364	4960	341	45.010000	102	18.000000	54854458.5	1.000000
chr1	54858513	54859677	81	1165	76	31.430000	15	20.000000	54859506.5	1.000000
chr1	54859829	54860120	11	292	11	9.910000	0	11.000000	54860007	-nan
chr1	54860519	54861177	37	659	36	10.940000	8	10.700000	54860999	1.000000
chr1	54862326	54862793	37	468	36	12.950000	8	12.400000	54862641.5	1.000000
chr1	54864733	54865182	19	450	19	13.680000	1	13.350000	54864961.5	1.000000
chr1	54866141	54866937	49	797	49	19.010000	9	13.350000	54866538	1.000000
chr1	54867168	54867598	20	431	20	14.870000	1	14.000000	54867430.5	1.000000
chr1	54867902	54869153	45	1252	45	20.790000	5	14.000000	54868909	1.000000
chr1	54869498	54870107	27	610	26	14.780000	3	10.000000	54869819	1.000000
chr1	54870946	54872533	143	1588	137	57.400000	27	24.750000	54871363	1.000000
chr1	54872889	54873171	14	283	13	10.350000	1	11.350000	54873065.5	1.000000
chr1	54874450	54874967	26	518	23	14.700000	3	12.350000	54874580	1.000000
chr1	54886813	54887660	257	848	193	99.300000	57	95.200000	54887012	1.000000
chr1	54952041	54952427	13	387	13	10.960000	0	12.000000	54952224	-nan
chr1	55039423	55039831	106	409	88	53.390000	19	48.600000	55039600	1.000000
chr1	55047853	55048283	16	431	15	10.870000	1	9.350000	55048079.5	1.000000
chr1	55049387	55049749	11	363	11	9.200000	0	11.000000	55049568	-nan
chr1	55049923	55050433	17	511	17	8.420000	2	7.350000	55050067	1.000000
chr1	55050939	55051977	85	1039	79	28.740000	18	22.350000	55051122	1.000000
chr1	55052299	55052988	30	690	29	19.630000	2	16.000000	55052525	1.000000
chr1	55053743	55054155	21	413	20	18.690000	0	17.000000	55053920.5	-nan
chr1	55055008	55056097	36	1090	36	18.210000	2	13.000000	55055349.5	1.000000
chr1	55056241	55056860	23	620	22	10.640000	3	10.000000	55056441	1.000000
chr1	55056891	55057996	79	1106	77	55.490000	5	24.350000	55057466.5	1.000000
chr1	55058465	55059052	22	588	22	12.500000	2	13.000000	55058842.5	1.000000
chr1	55059274	55059787	18	514	17	14.690000	0	11.000000	55059514.5	-nan
chr1	55060276	55061260	79	985	74	28.580000	16	17.700000	55061079	1.000000
chr1	55062222	55071286	1350	9065	1228	436.210000	307	45.450000	55066139.5	1.000000
chr1	55084212	55084568	14	357	14	12.260000	0	14.000000	55084385.5	-nan
chr1	55088394	55088855	13	462	13	10.190000	0	9.000000	55088603	-nan
chr1	55091528	55091827	12	300	11	10.830000	0	12.000000	55091649.5	-nan
chr1	55099637	55100021	11	385	11	8.980000	0	9.000000	55099815.5	-nan
chr1	55103283	55103627	14	345	14	12.380000	0	14.000000	55103455	-nan
chr1	55107111	55107435	16	325	16	11.930000	1	13.350000	55107253	1.000000
chr1	55108211	55108590	11	380	11	9.010000	0	10.000000	55108417.5	-nan
chr1	55108690	55108973	14	284	12	10.340000	1	11.350000	55108795.5	1.000000
chr1	55122155	55122588	14	434	13	11.410000	0	13.000000	55122408.5	-nan
chr1	55134165	55134732	21	568	21	11.760000	2	12.000000	55134563	1.000000
chr1	55136098	55136564	18	467	17	9.470000	2	10.000000	55136220	1.000000
chr1	55138000	55138406	28	407	26	17.810000	3	14.700000	55138178	1.000000
chr1	55145218	55145589	22	372	22	14.810000	2	15.700000	55145398	1.000000
chr1	55151698	55152095	11	398	11	8.850000	0	9.000000	55151872	-nan
chr1	55154906	55155627	16	722	16	13.550000	1	14.000000	55155151	1.000000
chr1	55160258	55160547	14	290	14	10.280000	1	11.350000	55160371	1.000000
chr1	55164451	55164770	14	320	11	9.980000	1	11.350000	55164588.5	1.000000
chr1	55169853	55170503	29	651	26	13.720000	4	9.350000	55170217	1.000000
chr1	55173964	55174319	11	356	11	9.270000	0	11.000000	55174139.5	-nan
chr1	55178300	55178652	11	353	11	9.300000	0	11.000000	55178476	-nan
chr1	55209116	55209424	14	309	14	10.090000	1	11.350000	55209242	1.000000
chr1	55214363	55216081	419	1719	341	204.330000	75	94.350000	55215492	1.000000
chr1	56332022	56332404	35	383	30	18.960000	1	20.000000	56332222	1.000000
chr1	56516798	56517181	49	384	42	23.140000	9	23.450000	56517013	1.000000
chr1	57488358	57488983	11	626	11	5.650000	0	5.000000	57488524.5	-nan
chr1	58546502	58546834	159	333	97	136.300000	8	138.900000	58546682	1.000000
chr1	58654009	58654681	44	673	44	15.000000	6	16.400000	58654509.5	1.000000
chr1	58655117	58655511	14	395	14	9.230000	1	10.350000	58655296.5	1.000000
chr1	58655905	58656681	78	777	71	42.910000	11	25.400000	58656368.5	1.000000
chr1	58661494	58662526	24	1033	24	19.020000	1	15.000000	58661667	1.000000
chr1	58662922	58663277	12	356	12	10.270000	0	12.000000	58663099.5	-nan
chr1	58678967	58679265	14	299	13	10.190000	1	11.350000	58679087.5	1.000000
chr1	58679450	58679864	21	415	20	18.680000	0	17.000000	58679674	-nan
chr1	58680477	58680926	29	450	28	18.380000	3	17.350000	58680635	1.000000
chr1	58681499	58682035	24	537	22	9.840000	4	9.000000	58681595	1.000000
chr1	58685072	58685447	12	376	12	10.070000	0	11.000000	58685252.5	-nan
chr1	58685924	58686339	13	416	13	10.600000	0	9.000000	58686104	-nan
chr1	58691044	58691330	11	287	11	9.960000	0	11.000000	58691154.5	-nan
chr1	58691349	58692221	37	873	36	18.270000	4	13.350000	58692038.5	1.000000
chr1	58694724	58695203	14	480	13	8.300000	1	7.000000	58695023	1.000000
chr1	58696926	58697435	42	510	40	28.130000	4	24.700000	58697228.5	1.000000
chr1	58699757	58700209	381	453	191	312.050000	25	284.650000	58700011	1.000000
chr1	58779299	58785232	2315	5934	1640	1001.980000	469	439.750000	58784007	1.000000
chr1	58816461	58816796	107	336	80	60.420000	17	61.950000	58816613	1.000000
chr1	58883581	58883907	37	327	31	14.360000	8	15.800000	58883724	1.000000
chr1	58903302	58904147	90	846	84	40.890000	16	20.100000	58903469.5	1.000000
chr1	59296374	59296641	35	268	26	12.950000	8	13.800000	59296458.5	1.000000
chr1	59296879	59297345	292	467	177	212.310000	29	188.950000	59297136	1.000000
chr1	59297551	59297813	22	263	19	13.250000	3	14.050000	59297730	1.000000
chr1	59653555	59653854	40	300	34	14.980000	9	16.150000	59653672.5	1.000000
chr1	59967264	59967497	12	234	10	11.490000	0	12.350000	59967365	-nan
